73.499124
73.498152
73.497443
73.496995
73.496809
73.496882
73.497215
73.497806
73.498656
73.499763
73.501127
73.502747
73.504622
73.506752
73.509137
73.511775
73.514665
73.517808
73.521203
73.524848
73.528743
73.532888
73.537282
73.541924
73.546814
73.551950
73.557333
73.562962
73.568836
73.574954
73.581316
73.587921
73.594768
73.601858
73.609189
73.616760
73.624571
73.632622
73.640911
73.649439
73.658204
73.667206
73.676444
73.685918
73.695627
73.705571
73.715748
73.726159
73.736802
73.747677
73.758784
73.770121
73.781689
73.793486
73.805513
73.817767
73.830250
73.842960
73.855897
73.869059
73.882447
73.896060
73.909898
73.923959
73.938243
73.952750
73.967478
73.982428
73.997599
74.012991
74.028602
74.044432
74.060480
74.076747
74.093231
74.109932
74.126849
74.143982
74.161330
74.178893
74.196670
74.214660
74.232864
74.251279
74.269907
74.288746
74.307795
74.327055
74.346524
74.366203
74.386090
74.406185
74.426487
74.446997
74.467713
74.488635
74.509762
74.531094
74.552630
74.574370
74.596313
74.618459
74.640807
74.663357
74.686107
74.709059
74.732210
74.755561
74.779111
74.802859
74.826806
74.850950
74.875291
74.899828
74.924561
74.949490
74.974614
74.999932
75.025444
75.051150
75.077048
75.103139
75.129422
75.155896
75.182561
75.209416
75.236462
75.263696
75.291120
75.318732
75.346533
75.374520
75.402695
75.431056
75.459603
75.488336
75.517254
75.546356
75.575643
75.605113
75.634766
75.664602
75.694620
75.724819
75.755201
75.785762
75.816504
75.847426
75.878528
75.909808
75.941266
75.972903
76.004717
76.036708
76.068876
76.101220
76.133740
76.166434
76.199304
76.232348
76.265566
76.298957
76.332521
76.366258
76.400166
76.434247
76.468498
76.502920
76.537513
76.572275
76.607207
76.642307
76.677577
76.713014
76.748619
76.784391
76.820330
76.856435
76.892706
76.929143
76.965745
77.002511
77.039441
77.076536
77.113793
77.151214
77.188797
77.226542
77.264449
77.302517
77.340745
77.379135
77.417684
77.456392
77.495260
77.534287
77.573472
77.612815
77.652315
77.691973
77.731787
77.771757
77.811883
77.852165
77.892602
77.933194
77.973939
78.014839
78.055892
78.097098
78.138457
78.179968
78.221631
78.263445
78.305411
78.347527
78.389794
78.432210
78.474776
78.517491
78.560355
78.603367
78.646527
78.689835
78.733290
78.776892
78.820640
78.864534
78.908574
78.952760
78.997090
79.041565
79.086184
79.130946
79.175853
79.220902
79.266094
79.311428
79.356904
79.402522
79.448281
79.494181
79.540221
79.586402
79.632722
79.679181
79.725780
79.772517
79.819393
79.866406
79.913557
79.960846
80.008271
80.055832
80.103530
80.151364
80.199333
80.247437
80.295676
80.344050
80.392557
80.441198
80.489973
80.538880
80.587920
80.637093
80.686397
80.735834
80.785401
80.835099
80.884928
80.934888
80.984977
81.035196
81.085544
81.136021
81.186626
81.237360
81.288222
81.339211
81.390328
81.441572
81.492942
81.544438
81.596060
81.647808
81.699682
81.751680
81.803803
81.856050
81.908421
81.960916
82.013534
82.066276
82.119140
82.172126
82.225235
82.278465
82.331816
82.385289
82.438883
82.492597
82.546431
82.600385
82.654459
82.708652
82.762964
82.817395
82.871943
82.926610
82.981395
83.036297
83.091316
83.146452
83.201705
83.257073
83.312558
83.368158
83.423873
83.479703
83.535649
83.591708
83.647882
83.704169
83.760570
83.817084
83.873711
83.930450
83.987302
84.044266
84.101342
84.158529
84.215828
84.273237
84.330757
84.388387
84.446127
84.503977
84.561936
84.620005
84.678182
84.736468
84.794862
84.853365
84.911975
84.970692
85.029517
85.088449
85.147487
85.206632
85.265883
85.325239
85.384701
85.444269
85.503941
85.563718
85.623599
85.683585
85.743675
85.803868
85.864165
85.924564
85.985067
86.045672
86.106379
86.167189
86.228100
86.289112
86.350226
86.411441
86.472757
86.534173
86.595689
86.657305
86.719021
86.780836
86.842750
86.904764
86.966875
87.029086
87.091394
87.153800
87.216304
87.278906
87.341604
87.404399
87.467291
87.530279
87.593363
87.656544
87.719819
87.783190
87.846657
87.910218
87.973873
88.037623
88.101468
88.165406
88.229438
88.293563
88.357781
88.422092
88.486496
88.550992
88.615581
88.680261
88.745033
88.809897
88.874852
88.939898
89.005034
89.070261
89.135579
89.200986
89.266484
89.332070
89.397747
89.463512
89.529366
89.595309
89.661341
89.727460
89.793668
89.859963
89.926346
89.992816
90.059373
90.126017
90.192748
90.259565
90.326468
90.393457
90.460532
90.527692
90.594938
90.662269
90.729684
90.797184
90.864769
90.932437
91.000190
91.068026
91.135946
91.203949
91.272035
91.340205
91.408456
91.476790
91.545207
91.613705
91.682286
91.750947
91.819691
91.888515
91.957420
92.026406
92.095473
92.164620
92.233847
92.303154
92.372540
92.442006
92.511552
92.581176
92.650880
92.720662
92.790522
92.860461
92.930478
93.000572
93.070745
93.140994
93.211321
93.281725
93.352206
93.422764
93.493398
93.564108
93.634894
93.705757
93.776694
93.847708
93.918796
93.989960
94.061198
94.132512
94.203899
94.275361
94.346897
94.418507
94.490191
94.561948
94.633779
94.705683
94.777659
94.849709
94.921831
94.994025
95.066292
95.138630
95.211041
95.283523
95.356076
95.428701
95.501397
95.574164
95.647001
95.719909
95.792888
95.865936
95.939055
96.012243
96.085501
96.158829
96.232225
96.305691
96.379226
96.452829
96.526501
96.600241
96.674049
96.747926
96.821870
96.895882
96.969962
97.044108
97.118322
97.192603
97.266950
97.341365
97.415845
97.490392
97.565005
97.639684
97.714429
97.789239
97.864115
97.939056
98.014062
98.088937
98.163424
98.237458
98.311040
98.384171
98.456853
98.529086
98.600872
98.672212
98.743107
98.813558
98.883566
98.953134
99.022261
99.090948
99.159198
99.227011
99.294388
99.361330
99.427839
99.493916
99.559561
99.624777
99.689563
99.753921
99.817853
99.881359
99.944440
100.007098
100.069334
100.131148
100.192542
100.253517
100.314074
100.374214
100.433939
100.493248
100.552144
100.610627
100.668699
100.726361
100.783612
100.840456
100.896892
100.952923
101.008548
101.063768
101.118586
101.173002
101.227017
101.280632
101.333848
101.386666
101.439088
101.491113
101.542744
101.593982
101.644826
101.695279
101.745341
101.795013
101.844297
101.893193
101.941703
101.989827
102.037566
102.084922
102.131895
102.178486
102.224697
102.270528
102.315981
102.361055
102.405753
102.450076
102.494023
102.537597
102.580798
102.623627
102.666086
102.708174
102.749894
102.791245
102.832229
102.872848
102.913101
102.952990
102.992516
103.031679
103.070481
103.108923
103.147005
103.184729
103.222095
103.259104
103.295758
103.332057
103.368001
103.403593
103.438833
103.473722
103.508260
103.542449
103.576290
103.609783
103.642929
103.675730
103.708185
103.740297
103.772066
103.803493
103.834578
103.865323
103.895729
103.925796
103.955525
103.984918
104.013974
104.042695
104.071082
104.099136
104.126857
104.154246
104.181305
104.208034
104.234434
104.260505
104.286249
104.311667
104.336759
104.361526
104.385969
104.410089
104.433887
104.457363
104.480519
104.503355
104.525872
104.548071
104.569952
104.591517
104.612767
104.633701
104.654322
104.674629
104.694624
104.714307
104.733680
104.752742
104.771496
104.789941
104.808078
104.825909
104.843434
104.860653
104.877569
104.894180
104.910489
104.926496
104.942202
104.957607
104.972712
104.987519
105.002028
105.016239
105.030153
105.043772
105.057096
105.070126
105.082862
105.095305
105.107456
105.119316
105.130886
105.142166
105.153157
105.163860
105.174275
105.184404
105.194247
105.203804
105.213077
105.222066
105.230773
105.239197
105.247339
105.255201
105.262782
105.270084
105.277108
105.283854
105.290322
105.296514
105.302431
105.308072
105.313439
105.318532
105.323353
105.327901
105.332178
105.336184
105.339920
105.343387
105.346585
105.349515
105.352177
105.354573
105.356704
105.358569
105.360169
105.361506
105.362580
105.363391
105.363940
105.364229
105.364257
105.364025
105.363534
105.362785
105.361778
105.360514
105.358993
105.357217
105.355186
105.352900
105.350361
105.347569
105.344524
105.341227
105.337680
105.333882
105.329834
105.325537
105.320991
105.316198
105.311157
105.305870
105.300337
105.294558
105.288535
105.282268
105.275758
105.269005
105.262009
105.254772
105.247295
105.239577
105.231619
105.223422
105.214987
105.206315
105.197405
105.188258
105.178876
105.169258
105.159406
105.149320
105.139000
105.128447
105.117662
105.106645
105.095398
105.083920
105.072212
105.060274
105.048108
105.035714
105.023093
105.010244
104.997170
104.983869
104.970344
104.956594
104.942620
104.928422
104.914002
104.899360
104.884496
104.869411
104.854105
104.838579
104.822834
104.806871
104.790689
104.774289
104.757673
104.740840
104.723791
104.706526
104.689047
104.671353
104.653446
104.635326
104.616993
104.598447
104.579691
104.560723
104.541545
104.522157
104.502560
104.482754
104.462740
104.442518
104.422089
104.401453
104.380612
104.359564
104.338312
104.316855
104.295195
104.273331
104.251264
104.228994
104.206523
104.183850
104.160977
104.137904
104.114630
104.091158
104.067486
104.043617
104.019550
103.995285
103.970824
103.946167
103.921315
103.896267
103.871024
103.845587
103.819957
103.794134
103.768118
103.741910
103.715510
103.688919
103.662138
103.635166
103.608005
103.580655
103.553116
103.525389
103.497474
103.469372
103.441084
103.412609
103.383948
103.355102
103.326072
103.296857
103.267458
103.237876
103.208111
103.178164
103.148035
103.117725
103.087233
103.056561
103.025709
102.994678
102.963467
102.932078
102.900510
102.868765
102.836843
102.804744
102.772468
102.740017
102.707390
102.674589
102.641613
102.608463
102.575139
102.541642
102.507973
102.474131
102.440117
102.405932
102.371576
102.337050
102.302354
102.267488
102.232453
102.197250
102.161878
102.126338
102.090631
102.054757
102.018716
101.982510
101.946137
101.909600
101.872898
101.836031
101.799000
101.761806
101.724449
101.686929
101.649247
101.611403
101.573398
101.535232
101.496905
101.458418
101.419771
101.380965
101.342000
101.302877
101.263596
101.224157
101.184560
101.144807
101.104897
101.064832
101.024610
100.984234
100.943702
100.903017
100.862177
100.821183
100.780037
100.738737
100.697286
100.655682
100.613926
100.572019
100.529962
100.487754
100.445396
100.402888
100.360231
100.317425
100.274470
100.231368
100.188117
100.144720
100.101175
100.057484
100.013646
99.969663
99.925534
99.881260
99.836841
99.792279
99.747572
99.702721
99.657728
99.612591
99.567312
99.521891
99.476329
99.430625
99.384780
99.338794
99.292668
99.246402
99.199997
99.153452
99.106769
99.059947
99.012987
98.965890
98.918655
98.871283
98.823774
98.776129
98.728349
98.680432
98.632380
98.584194
98.535873
98.487417
98.438828
98.390106
98.341250
98.292261
98.243140
98.193887
98.144502
98.094986
98.045338
97.995560
97.945846
97.896457
97.847455
97.798839
97.750610
97.702766
97.655306
97.608228
97.561532
97.515218
97.469283
97.423727
97.378549
97.333748
97.289323
97.245274
97.201598
97.158295
97.115364
97.072805
97.030615
96.988795
96.947343
96.906259
96.865540
96.825188
96.785199
96.745574
96.706312
96.667411
96.628871
96.590691
96.552869
96.515405
96.478299
96.441548
96.405152
96.369111
96.333423
96.298087
96.263102
96.228468
96.194184
96.160248
96.126660
96.093419
96.060524
96.027974
95.995768
95.963906
95.932386
95.901207
95.870369
95.839871
95.809712
95.779890
95.750406
95.721258
95.692445
95.663967
95.635822
95.608010
95.580530
95.553381
95.526562
95.500073
95.473912
95.448078
95.422571
95.397391
95.372535
95.348003
95.323795
95.299909
95.276345
95.253102
95.230179
95.207575
95.185289
95.163321
95.141669
95.120334
95.099313
95.078607
95.058214
95.038134
95.018366
94.998908
94.979761
94.960923
94.942394
94.924173
94.906258
94.888650
94.871347
94.854349
94.837654
94.821263
94.805173
94.789385
94.773898
94.758711
94.743823
94.729233
94.714940
94.700945
94.687245
94.673841
94.660731
94.647915
94.635392
94.623160
94.611221
94.599572
94.588213
94.577143
94.566361
94.555868
94.545661
94.535740
94.526105
94.516754
94.507687
94.498904
94.490403
94.482183
94.474245
94.466587
94.459209
94.452109
94.445287
94.438743
94.432476
94.426484
94.420768
94.415326
94.410158
94.405263
94.400640
94.396289
94.392209
94.388399
94.384859
94.381588
94.378585
94.375849
94.373380
94.371177
94.369240
94.367567
94.366158
94.365013
94.364130
94.363509
94.363149
94.363050
94.363211
94.363632
94.364310
94.365247
94.366441
94.367891
94.369598
94.371559
94.373775
94.376245
94.378968
94.381944
94.385172
94.388651
94.392381
94.396361
94.400590
94.405067
94.409793
94.414766
94.419986
94.425452
94.431164
94.437120
94.443320
94.449764
94.456451
94.463381
94.470552
94.477964
94.485616
94.493508
94.501639
94.510009
94.518617
94.527462
94.536544
94.545862
94.555416
94.565204
94.575226
94.585482
94.595972
94.606693
94.617647
94.628831
94.640246
94.651892
94.663766
94.675870
94.688202
94.700761
94.713547
94.726560
94.739799
94.753263
94.766952
94.780865
94.795001
94.809361
94.823942
94.838746
94.853771
94.869016
94.884482
94.900167
94.916071
94.932193
94.948533
94.965090
94.981864
94.998855
95.016060
95.033481
95.051116
95.068965
95.087027
95.105302
95.123789
95.142488
95.161398
95.180519
95.199849
95.219389
95.239138
95.259096
95.279261
95.299633
95.320213
95.340998
95.361989
95.383186
95.404586
95.426191
95.448000
95.470012
95.492226
95.514642
95.537260
95.560078
95.583097
95.606316
95.629734
95.653351
95.677166
95.701180
95.725390
95.749797
95.774401
95.799200
95.824195
95.849384
95.874768
95.900345
95.926116
95.952079
95.978235
96.004582
96.031121
96.057850
96.084770
96.111879
96.139178
96.166666
96.194341
96.222205
96.250256
96.278493
96.306917
96.335527
96.364322
96.393303
96.422467
96.451816
96.481347
96.511062
96.540960
96.571039
96.601300
96.631742
96.662365
96.693168
96.724150
96.755312
96.786653
96.818171
96.849868
96.881742
96.913793
96.946020
96.978423
97.011002
97.043756
97.076684
97.109787
97.143063
97.176513
97.210135
97.243930
97.277897
97.312035
97.346344
97.380824
97.415474
97.450293
97.485282
97.520440
97.555765
97.591259
97.626921
97.662749
97.698744
97.734906
97.771233
97.807725
97.844382
97.881204
97.918190
97.955339
97.992652
98.030128
98.067570
98.104721
98.141516
98.177956
98.214041
98.249773
98.285152
98.320180
98.354858
98.389185
98.423164
98.456795
98.490079
98.523017
98.555610
98.587858
98.619763
98.651326
98.682547
98.713427
98.743967
98.774169
98.804032
98.833558
98.862748
98.891602
98.920122
98.948308
98.976161
99.003682
99.030872
99.057732
99.084262
99.110464
99.136338
99.161885
99.187106
99.212002
99.236574
99.260822
99.284748
99.308352
99.331635
99.354598
99.377241
99.399566
99.421574
99.443265
99.464639
99.485699
99.506444
99.526875
99.546994
99.566801
99.586297
99.605483
99.624359
99.642926
99.661186
99.679139
99.696785
99.714126
99.731162
99.747894
99.764323
99.780450
99.796275
99.811799
99.827024
99.841949
99.856576
99.870905
99.884937
99.898674
99.912114
99.925261
99.938113
99.950673
99.962940
99.974916
99.986601
99.997996
100.009102
100.019919
100.030448
100.040691
100.050647
100.060318
100.069703
100.078805
100.087624
100.096160
100.104414
100.112387
100.120080
100.127493
100.134627
100.141483
100.148062
100.154364
100.160389
100.166140
100.171616
100.176818
100.181746
100.186403
100.190787
100.194901
100.198744
100.202318
100.205622
100.208659
100.211427
100.213929
100.216165
100.218136
100.219841
100.221283
100.222461
100.223376
100.224029
100.224421
100.224553
100.224424
100.224036
100.223389
100.222484
100.221322
100.219904
100.218229
100.216299
100.214115
100.211676
100.208984
100.206040
100.202843
100.199395
100.195696
100.191748
100.187549
100.183103
100.178408
100.173465
100.168276
100.162840
100.157159
100.151233
100.145063
100.138649
100.131992
100.125093
100.117952
100.110570
100.102947
100.095085
100.086983
100.078643
100.070064
100.061248
100.052196
100.042907
100.033383
100.023624
100.013630
100.003403
99.992943
99.982250
99.971325
99.960169
99.948783
99.937166
99.925320
99.913244
99.900941
99.888410
99.875651
99.862667
99.849456
99.836020
99.822359
99.808474
99.794365
99.780033
99.765479
99.750703
99.735705
99.720487
99.705049
99.689391
99.673514
99.657419
99.641106
99.624576
99.607828
99.590865
99.573686
99.556292
99.538684
99.520861
99.502825
99.484577
99.466116
99.447443
99.428559
99.409465
99.390160
99.370646
99.350923
99.330991
99.310852
99.290505
99.269951
99.249192
99.228226
99.207055
99.185679
99.164100
99.142316
99.120330
99.098141
99.075750
99.053157
99.030363
99.007369
98.984175
98.960782
98.937189
98.913398
98.889410
98.865224
98.840841
98.816262
98.791486
98.766516
98.741351
98.715991
98.690438
98.664691
98.638751
98.612620
98.586296
98.559781
98.533075
98.506179
98.479093
98.451818
98.424354
98.396702
98.368861
98.340834
98.312619
98.284218
98.255631
98.226859
98.197902
98.168760
98.139435
98.109925
98.080233
98.050358
98.020301
97.990063
97.959838
97.929887
97.900272
97.870995
97.842053
97.813446
97.785173
97.757233
97.729625
97.702348
97.675402
97.648786
97.622498
97.596539
97.570906
97.545600
97.520619
97.495962
97.471629
97.447620
97.423932
97.400565
97.377518
97.354791
97.332383
97.310293
97.288519
97.267062
97.245920
97.225093
97.204580
97.184379
97.164491
97.144913
97.125647
97.106690
97.088042
97.069702
97.051669
97.033943
97.016522
96.999407
96.982595
96.966087
96.949881
96.933977
96.918374
96.903071
96.888068
96.873363
96.858956
96.844846
96.831033
96.817515
96.804291
96.791362
96.778726
96.766383
96.754331
96.742570
96.731099
96.719918
96.709025
96.698421
96.688103
96.678072
96.668327
96.658867
96.649691
96.640798
96.632188
96.623860
96.615814
96.608048
96.600562
96.593355
96.586426
96.579775
96.573401
96.567303
96.561481
96.555933
96.550660
96.545660
96.540932
96.536476
96.532292
96.528378
96.524734
96.521359
96.518253
96.515414
96.512843
96.510537
96.508498
96.506723
96.505212
96.503966
96.502982
96.502260
96.501800
96.501600
96.501661
96.501981
96.502561
96.503398
96.504493
96.505844
96.507452
96.509315
96.511433
96.513806
96.516431
96.519310
96.522441
96.525823
96.529456
96.533340
96.537473
96.541855
96.546485
96.551363
96.556487
96.561859
96.567476
96.573338
96.579444
96.585794
96.592388
96.599224
96.606302
96.613621
96.621181
96.628980
96.637020
96.645298
96.653814
96.662568
96.671558
96.680785
96.690248
96.699946
96.709878
96.720044
96.730444
96.741076
96.751940
96.763035
96.774362
96.785919
96.797705
96.809720
96.821964
96.834436
96.847135
96.860061
96.873212
96.886590
96.900192
96.914018
96.928069
96.942342
96.956838
96.971557
96.986496
97.001657
97.017037
97.032638
97.048457
97.064496
97.080752
97.097226
97.113916
97.130823
97.147946
97.165284
97.182836
97.200603
97.218583
97.236776
97.255181
97.273799
97.292627
97.311667
97.330916
97.350376
97.370044
97.389921
97.410007
97.430299
97.450799
97.471505
97.492417
97.513534
97.534856
97.556383
97.578113
97.600046
97.622182
97.644521
97.667061
97.689802
97.712744
97.735885
97.759227
97.782767
97.806506
97.830443
97.854578
97.878909
97.903437
97.928161
97.953081
97.978195
98.003504
98.028812
98.053859
98.078582
98.102981
98.127057
98.150810
98.174243
98.197355
98.220147
98.242620
98.264775
98.286614
98.308135
98.329342
98.350233
98.370811
98.391075
98.411027
98.430668
98.449998
98.469018
98.487729
98.506132
98.524228
98.542017
98.559500
98.576678
98.593551
98.610121
98.626389
98.642354
98.658019
98.673383
98.688447
98.703213
98.717681
98.731852
98.745726
98.759304
98.772588
98.785577
98.798273
98.810676
98.822788
98.834608
98.846138
98.857378
98.868330
98.878993
98.889369
98.899459
98.909262
98.918781
98.928015
98.936965
98.945633
98.954018
98.962122
98.969945
98.977489
98.984753
98.991738
98.998446
99.004877
99.011031
99.016909
99.022513
99.027843
99.032899
99.037682
99.042193
99.046433
99.050402
99.054101
99.057531
99.060692
99.063585
99.066211
99.068571
99.070665
99.072494
99.074058
99.075359
99.076397
99.077172
99.077686
99.077938
99.077931
99.077663
99.077137
99.076352
99.075310
99.074011
99.072456
99.070644
99.068578
99.066258
99.063684
99.060857
99.057778
99.054447
99.050865
99.047033
99.042951
99.038619
99.034040
99.029213
99.024138
99.018817
99.013251
99.007439
99.001382
98.995082
98.988538
98.981752
98.974723
98.967453
98.959943
98.952192
98.944201
98.935972
98.927504
98.918799
98.909857
98.900678
98.891264
98.881614
98.871729
98.861611
98.851259
98.840675
98.829858
98.818810
98.807530
98.796021
98.784281
98.772313
98.760115
98.747690
98.735038
98.722158
98.709053
98.695721
98.682165
98.668384
98.654380
98.640152
98.625701
98.611028
98.596134
98.581019
98.565683
98.550127
98.534352
98.518359
98.502147
98.485718
98.469071
98.452209
98.435130
98.417836
98.400328
98.382605
98.364668
98.346519
98.328157
98.309582
98.290797
98.271800
98.252594
98.233177
98.213551
98.193717
98.173674
98.153424
98.132967
98.112303
98.091433
98.070357
98.049077
98.027592
98.005904
97.984012
97.962112
97.940464
97.919131
97.898114
97.877411
97.857021
97.836944
97.817179
97.797725
97.778580
97.759746
97.741220
97.723001
97.705090
97.687484
97.670184
97.653189
97.636498
97.620109
97.604023
97.588238
97.572754
97.557569
97.542684
97.528097
97.513808
97.499815
97.486118
97.472717
97.459610
97.446797
97.434276
97.422048
97.410112
97.398465
97.387109
97.376042
97.365264
97.354773
97.344569
97.334651
97.325018
97.315670
97.306606
97.297826
97.289327
97.281111
97.273175
97.265520
97.258144
97.251048
97.244229
97.237687
97.231423
97.225434
97.219720
97.214281
97.209116
97.204223
97.199603
97.195255
97.191178
97.187371
97.183833
97.180565
97.177564
97.174831
97.172365
97.170164
97.168230
97.166559
97.165153
97.164010
97.163130
97.162512
97.162155
97.162059
97.162222
97.162645
97.163326
97.164265
97.165462
97.166915
97.168623
97.170588
97.172806
97.175279
97.178004
97.180983
97.184213
97.187695
97.191427
97.195409
97.199641
97.204121
97.208849
97.213825
97.219047
97.224515
97.230229
97.236188
97.242391
97.248837
97.255527
97.262458
97.269632
97.277046
97.284701
97.292595
97.300729
97.309101
97.317712
97.326559
97.335643
97.344963
97.354519
97.364310
97.374335
97.384593
97.395085
97.405808
97.416764
97.427951
97.439369
97.451016
97.462893
97.474999
97.487333
97.499895
97.512683
97.525698
97.538939
97.552406
97.566097
97.580012
97.594150
97.608512
97.623096
97.637902
97.652929
97.668176
97.683644
97.699331
97.715237
97.731362
97.747704
97.764264
97.781040
97.798032
97.815240
97.832662
97.850300
97.868151
97.886215
97.904492
97.922982
97.941683
97.960595
97.979717
97.999050
98.018592
98.038148
98.057459
98.076460
98.095151
98.113535
98.131611
98.149381
98.166845
98.184004
98.200858
98.217409
98.233658
98.249605
98.265250
98.280596
98.295641
98.310389
98.324838
98.338990
98.352845
98.366405
98.379670
98.392641
98.405319
98.417704
98.429797
98.441599
98.453111
98.464333
98.475266
98.485912
98.496270
98.506342
98.516127
98.525628
98.534844
98.543777
98.552427
98.560795
98.568881
98.576687
98.584212
98.591459
98.598427
98.605117
98.611531
98.617668
98.623529
98.629116
98.634428
98.639467
98.644233
98.648727
98.652950
98.656902
98.660584
98.663997
98.667142
98.670018
98.672628
98.674971
98.677048
98.678860
98.680408
98.681692
98.682714
98.683473
98.683970
98.684206
98.684182
98.683899
98.683356
98.682555
98.681497
98.680182
98.678610
98.676783
98.674701
98.672365
98.669775
98.666932
98.663837
98.660491
98.656893
98.653045
98.648947
98.644601
98.640006
98.635163
98.630073
98.624737
98.619155
98.613327
98.607256
98.600940
98.594381
98.587579
98.580536
98.573251
98.565725
98.557959
98.549954
98.541710
98.533227
98.524507
98.515550
98.506356
98.496927
98.487263
98.477364
98.467230
98.456864
98.446265
98.435434
98.424371
98.413077
98.401553
98.389799
98.377816
98.365605
98.353165
98.340499
98.327605
98.314485
98.301140
98.287570
98.273775
98.259756
98.245514
98.231050
98.216363
98.201455
98.186326
98.170976
98.155407
98.139618
98.123611
98.107386
98.090943
98.074283
98.057407
98.040314
98.023007
98.005485
97.987749
97.969994
97.952480
97.935271
97.918366
97.901765
97.885467
97.869470
97.853775
97.838380
97.823285
97.808489
97.793991
97.779790
97.765886
97.752277
97.738964
97.725944
97.713218
97.700785
97.688644
97.676794
97.665235
97.653965
97.642984
97.632291
97.621886
97.611767
97.601934
97.592387
97.583123
97.574144
97.565448
97.557033
97.548901
97.541049
97.533477
97.526185
97.519171
97.512435
97.505976
97.499793
97.493887
97.488255
97.482898
97.477814
97.473003
97.468464
97.464196
97.460200
97.456473
97.453016
97.449827
97.446907
97.444253
97.441866
97.439745
97.437889
97.436298
97.434970
97.433906
97.433104
97.432563
97.432284
97.432265
97.432506
97.433006
97.433764
97.434780
97.436053
97.437583
97.439368
97.441408
97.443702
97.446250
97.449051
97.452105
97.455410
97.458967
97.462773
97.466830
97.471136
97.475690
97.480492
97.485541
97.490837
97.496378
97.502165
97.508197
97.514473
97.520991
97.527753
97.534757
97.542002
97.549488
97.557215
97.565181
97.573386
97.581829
97.590510
97.599428
97.608583
97.617973
97.627599
97.637459
97.647554
97.657882
97.668443
97.679236
97.690261
97.701516
97.713002
97.724718
97.736664
97.748838
97.761240
97.773869
97.786725
97.799808
97.813116
97.826649
97.840407
97.854389
97.868594
97.883022
97.897672
97.912544
97.927637
97.942950
97.958483
97.974236
97.990207
98.006397
98.022609
98.038584
98.054258
98.069632
98.084707
98.099482
98.113959
98.128140
98.142023
98.155611
98.168904
98.181903
98.194609
98.207022
98.219143
98.230972
98.242512
98.253762
98.264722
98.275395
98.285781
98.295879
98.305692
98.315220
98.324463
98.333423
98.342100
98.350494
98.358608
98.366440
98.373992
98.381265
98.388260
98.394977
98.401416
98.407580
98.413467
98.419080
98.424418
98.429483
98.434275
98.438795
98.443044
98.447021
98.450729
98.454168
98.457338
98.460240
98.462875
98.465243
98.467346
98.469183
98.470756
98.472066
98.473112
98.473896
98.474418
98.474679
98.474680
98.474421
98.473903
98.473127
98.472093
98.470802
98.469255
98.467452
98.465394
98.463082
98.460517
98.457698
98.454627
98.451304
98.447730
98.443906
98.439832
98.435509
98.430938
98.426118
98.421052
98.415739
98.410180
98.404376
98.398328
98.392035
98.385500
98.378721
98.371700
98.364438
98.356936
98.349192
98.341210
98.332988
98.324529
98.315831
98.306896
98.297725
98.288319
98.278676
98.268800
98.258689
98.248345
98.237768
98.226958
98.215918
98.204646
98.193144
98.181412
98.169451
98.157261
98.144843
98.132198
98.119326
98.106227
98.092904
98.079355
98.065581
98.051584
98.037363
98.022920
98.008254
97.993367
97.978454
97.963774
97.949392
97.935307
97.921518
97.908025
97.894826
97.881921
97.869310
97.856991
97.844963
97.833227
97.821780
97.810623
97.799755
97.789174
97.778881
97.768874
97.759152
97.749716
97.740564
97.731695
97.723109
97.714804
97.706781
97.699039
97.691576
97.684392
97.677487
97.670859
97.664508
97.658433
97.652634
97.647110
97.641859
97.636882
97.632177
97.627744
97.623582
97.619691
97.616070
97.612717
97.609633
97.606817
97.604268
97.601985
97.599967
97.598215
97.596726
97.595501
97.594539
97.593840
97.593401
97.593224
97.593306
97.593648
97.594249
97.595108
97.596224
97.597597
97.599227
97.601111
97.603251
97.605644
97.608291
97.611191
97.614343
97.617746
97.621400
97.625304
97.629458
97.633861
97.638512
97.643411
97.648556
97.653948
97.659585
97.665468
97.671595
97.677965
97.684579
97.691435
97.698533
97.705873
97.713453
97.721272
97.729332
97.737630
97.746166
97.754939
97.763950
97.773197
97.782679
97.792397
97.802348
97.812534
97.822953
97.833605
97.844488
97.855603
97.866949
97.878525
97.890330
97.902365
97.914628
97.927119
97.939837
97.952781
97.965952
97.979348
97.992969
98.006814
98.020688
98.034332
98.047680
98.060734
98.073495
98.085962
98.098138
98.110022
98.121616
98.132920
98.143935
98.154662
98.165101
98.175254
98.185120
98.194701
98.203998
98.213011
98.221740
98.230188
98.238354
98.246239
98.253844
98.261169
98.268216
98.274984
98.281476
98.287691
98.293630
98.299294
98.304684
98.309800
98.314643
98.319214
98.323514
98.327542
98.331301
98.334790
98.338010
98.340962
98.343647
98.346066
98.348218
98.350105
98.351728
98.353086
98.354182
98.355015
98.355586
98.355896
98.355946
98.355735
98.355266
98.354538
98.353553
98.352310
98.350811
98.349056
98.347046
98.344782
98.342263
98.339492
98.336468
98.333193
98.329666
98.325889
98.321861
98.317585
98.313060
98.308287
98.303267
98.298001
98.292488
98.286730
98.280727
98.274480
98.267990
98.261257
98.254282
98.247065
98.239607
98.231909
98.223971
98.215795
98.207380
98.198727
98.189836
98.180710
98.171347
98.161749
98.151916
98.141849
98.131549
98.121015
98.110249
98.099252
98.088024
98.076565
98.064876
98.052957
98.040810
98.028435
98.015833
98.003003
97.989947
97.976861
97.964003
97.951438
97.939165
97.927184
97.915493
97.904093
97.892982
97.882159
97.871624
97.861376
97.851415
97.841739
97.832348
97.823240
97.814417
97.805875
97.797616
97.789637
97.781939
97.774521
97.767382
97.760520
97.753937
97.747630
97.741599
97.735843
97.730362
97.725155
97.720221
97.715560
97.711170
97.707051
97.703203
97.699624
97.696315
97.693273
97.690500
97.687993
97.685752
97.683776
97.682066
97.680619
97.679436
97.678516
97.677858
97.677461
97.677325
97.677449
97.677832
97.678474
97.679374
97.680531
97.681945
97.683614
97.685540
97.687719
97.690153
97.692840
97.695780
97.698972
97.702415
97.706109
97.710053
97.714247
97.718689
97.723379
97.728317
97.733502
97.738933
97.744609
97.750531
97.756696
97.763106
97.769758
97.776653
97.783789
97.791167
97.798785
97.806643
97.814740
97.823076
97.831650
97.840461
97.849509
97.858794
97.868313
97.878068
97.888057
97.898280
97.908736
97.919424
97.930345
97.941496
97.952879
97.964491
97.976333
97.988404
98.000703
98.013035
98.025141
98.036955
98.048479
98.059713
98.070658
98.081316
98.091686
98.101769
98.111567
98.121079
98.130308
98.139252
98.147914
98.156293
98.164391
98.172209
98.179746
98.187004
98.193984
98.200686
98.207110
98.213259
98.219132
98.224730
98.230053
98.235104
98.239881
98.244386
98.248621
98.252584
98.256277
98.259701
98.262857
98.265745
98.268365
98.270720
98.272808
98.274631
98.276190
98.277485
98.278517
98.279287
98.279795
98.280042
98.280029
98.279757
98.279225
98.278435
98.277387
98.276083
98.274522
98.272705
98.270634
98.268308
98.265729
98.262897
98.259812
98.256476
98.252889
98.249051
98.244964
98.240627
98.236043
98.231210
98.226131
98.220805
98.215233
98.209416
98.203354
98.197048
98.190500
98.183708
98.176674
98.169399
98.161884
98.154128
98.146133
98.137898
98.129426
98.120715
98.111768
98.102584
98.093165
98.083510
98.073621
98.063498
98.053141
98.042551
98.031730
98.020677
98.009392
97.997878
97.986329
97.975004
97.963968
97.953221
97.942761
97.932589
97.922702
97.913100
97.903783
97.894750
97.886000
97.877533
97.869347
97.861442
97.853817
