73.000000
73.050000
73.075000
73.100000
73.150000
73.175000
73.200000
73.250000
73.275000
73.300000
73.350000
73.375000
73.400000
73.450000
73.475000
73.500000
73.550000
73.575000
73.600000
73.650000
73.675000
73.700000
73.750000
73.775000
73.800000
73.850000
73.875000
73.900000
73.950000
73.975000
74.000000
74.050000
74.075000
74.100000
74.150000
74.175000
74.200000
74.250000
74.275000
74.300000
74.350000
74.375000
74.400000
74.450000
74.475000
74.500000
74.550000
74.575000
74.600000
74.650000
74.675000
74.700000
74.750000
74.775000
74.800000
74.850000
74.875000
74.900000
74.950000
74.975000
75.000000
75.050000
75.075000
75.100000
75.150000
75.175000
75.200000
75.250000
75.275000
75.300000
75.350000
75.375000
75.400000
75.450000
75.475000
75.500000
75.550000
75.575000
75.600000
75.650000
75.675000
75.700000
75.750000
75.775000
75.800000
75.850000
75.875000
75.900000
75.950000
75.975000
76.000000
76.050000
76.075000
76.100000
76.150000
76.175000
76.200000
76.250000
76.275000
76.300000
76.350000
76.375000
76.400000
76.450000
76.475000
76.500000
76.550000
76.575000
76.600000
76.650000
76.675000
76.700000
76.750000
76.775000
76.800000
76.850000
76.875000
76.900000
76.950000
76.975000
77.000000
77.050000
77.075000
77.100000
77.150000
77.175000
77.200000
77.250000
77.275000
77.300000
77.350000
77.375000
77.400000
77.450000
77.475000
77.500000
77.550000
77.575000
77.600000
77.650000
77.675000
77.700000
77.750000
77.775000
77.800000
77.850000
77.875000
77.900000
77.950000
77.975000
78.000000
78.050000
78.075000
78.100000
78.150000
78.175000
78.200000
78.250000
78.275000
78.300000
78.350000
78.375000
78.400000
78.450000
78.475000
78.500000
78.550000
78.575000
78.600000
78.650000
78.675000
78.700000
78.750000
78.775000
78.800000
78.850000
78.875000
78.900000
78.950000
78.975000
79.000000
79.050000
79.075000
79.100000
79.150000
79.175000
79.200000
79.250000
79.275000
79.300000
79.350000
79.375000
79.400000
79.450000
79.475000
79.500000
79.550000
79.575000
79.600000
79.650000
79.675000
79.700000
79.750000
79.775000
79.800000
79.850000
79.875000
79.900000
79.950000
79.975000
80.000000
80.050000
80.075000
80.100000
80.150000
80.175000
80.200000
80.250000
80.275000
80.300000
80.350000
80.375000
80.400000
80.450000
80.475000
80.500000
80.550000
80.575000
80.600000
80.650000
80.675000
80.700000
80.750000
80.775000
80.800000
80.850000
80.875000
80.900000
80.950000
80.975000
81.000000
81.050000
81.075000
81.100000
81.150000
81.175000
81.200000
81.250000
81.275000
81.300000
81.350000
81.375000
81.400000
81.450000
81.475000
81.500000
81.550000
81.575000
81.600000
81.650000
81.675000
81.700000
81.750000
81.775000
81.800000
81.850000
81.875000
81.900000
81.950000
81.975000
82.000000
82.050000
82.075000
82.100000
82.150000
82.175000
82.200000
82.250000
82.275000
82.300000
82.350000
82.375000
82.400000
82.450000
82.475000
82.500000
82.550000
82.575000
82.600000
82.650000
82.675000
82.700000
82.750000
82.775000
82.800000
82.850000
82.875000
82.900000
82.950000
82.975000
83.000000
83.050000
83.075000
83.100000
83.150000
83.175000
83.200000
83.250000
83.275000
83.300000
83.350000
83.375000
83.400000
83.450000
83.475000
83.500000
83.550000
83.575000
83.600000
83.650000
83.675000
83.700000
83.750000
83.775000
83.800000
83.850000
83.875000
83.900000
83.950000
83.975000
84.000000
84.050000
84.075000
84.100000
84.150000
84.175000
84.200000
84.250000
84.275000
84.300000
84.350000
84.375000
84.400000
84.450000
84.475000
84.500000
84.550000
84.575000
84.600000
84.650000
84.675000
84.700000
84.750000
84.775000
84.800000
84.850000
84.875000
84.900000
84.950000
84.975000
85.000000
85.050000
85.075000
85.100000
85.150000
85.175000
85.200000
85.250000
85.275000
85.300000
85.350000
85.375000
85.400000
85.450000
85.475000
85.500000
85.550000
85.575000
85.600000
85.650000
85.675000
85.700000
85.750000
85.775000
85.800000
85.850000
85.875000
85.900000
85.950000
85.975000
86.000000
86.050000
86.075000
86.100000
86.150000
86.175000
86.200000
86.250000
86.275000
86.300000
86.350000
86.375000
86.400000
86.450000
86.475000
86.500000
86.550000
86.575000
86.600000
86.650000
86.675000
86.700000
86.750000
86.775000
86.800000
86.850000
86.875000
86.900000
86.950000
86.975000
87.000000
87.050000
87.075000
87.100000
87.150000
87.175000
87.200000
87.250000
87.275000
87.300000
87.350000
87.375000
87.400000
87.450000
87.475000
87.500000
87.550000
87.575000
87.600000
87.650000
87.675000
87.700000
87.750000
87.775000
87.800000
87.850000
87.875000
87.900000
87.950000
87.975000
88.000000
88.050000
88.075000
88.100000
88.150000
88.175000
88.200000
88.250000
88.275000
88.300000
88.350000
88.375000
88.400000
88.450000
88.475000
88.500000
88.550000
88.575000
88.600000
88.650000
88.675000
88.700000
88.750000
88.775000
88.800000
88.850000
88.875000
88.900000
88.950000
88.975000
89.000000
89.050000
89.075000
89.100000
89.150000
89.175000
89.200000
89.250000
89.275000
89.300000
89.350000
89.375000
89.400000
89.450000
89.475000
89.500000
89.550000
89.575000
89.600000
89.650000
89.675000
89.700000
89.750000
89.775000
89.800000
89.850000
89.875000
89.900000
89.950000
89.975000
90.000000
90.050000
90.075000
90.100000
90.150000
90.175000
90.200000
90.250000
90.275000
90.300000
90.350000
90.375000
90.400000
90.450000
90.475000
90.500000
90.550000
90.575000
90.600000
90.650000
90.675000
90.700000
90.750000
90.775000
90.800000
90.850000
90.875000
90.900000
90.950000
90.975000
91.000000
91.050000
91.075000
91.100000
91.150000
91.175000
91.200000
91.250000
91.275000
91.300000
91.350000
91.375000
91.400000
91.450000
91.475000
91.500000
91.550000
91.575000
91.600000
91.650000
91.675000
91.700000
91.750000
91.775000
91.800000
91.850000
91.875000
91.900000
91.950000
91.975000
92.000000
92.050000
92.075000
92.100000
92.150000
92.175000
92.200000
92.250000
92.275000
92.300000
92.350000
92.375000
92.400000
92.450000
92.475000
92.500000
92.550000
92.575000
92.600000
92.650000
92.675000
92.700000
92.750000
92.775000
92.800000
92.850000
92.875000
92.900000
92.950000
92.975000
93.000000
93.050000
93.075000
93.100000
93.150000
93.175000
93.200000
93.250000
93.275000
93.300000
93.350000
93.375000
93.400000
93.450000
93.475000
93.500000
93.550000
93.575000
93.600000
93.650000
93.675000
93.700000
93.750000
93.775000
93.800000
93.850000
93.875000
93.900000
93.950000
93.975000
94.000000
94.050000
94.075000
94.100000
94.150000
94.175000
94.200000
94.250000
94.275000
94.300000
94.350000
94.375000
94.400000
94.450000
94.475000
94.500000
94.550000
94.575000
94.600000
94.650000
94.675000
94.700000
94.750000
94.775000
94.800000
94.850000
94.875000
94.900000
94.950000
94.975000
95.000000
95.050000
95.075000
95.100000
95.150000
95.175000
95.200000
95.250000
95.275000
95.300000
95.350000
95.375000
95.400000
95.450000
95.475000
95.500000
95.550000
95.575000
95.600000
95.650000
95.675000
95.700000
95.750000
95.775000
95.800000
95.850000
95.875000
95.900000
95.950000
95.975000
96.000000
96.050000
96.075000
96.100000
96.150000
96.175000
96.200000
96.250000
96.275000
96.300000
96.350000
96.375000
96.400000
96.450000
96.475000
96.500000
96.550000
96.575000
96.600000
96.650000
96.675000
96.700000
96.750000
96.775000
96.800000
96.850000
96.875000
96.900000
96.950000
96.975000
97.000000
97.050000
97.075000
97.100000
97.150000
97.175000
97.200000
97.250000
97.275000
97.300000
97.350000
97.375000
97.400000
97.450000
97.475000
97.500000
97.550000
97.575000
97.600000
97.650000
97.675000
97.700000
97.750000
97.775000
97.800000
97.850000
97.875000
97.900000
97.950000
97.975000
98.000000
98.050000
98.075000
98.100000
98.150000
98.175000
98.200000
98.250000
98.275000
98.300000
98.350000
98.375000
98.400000
98.450000
98.475000
98.500000
98.550000
98.575000
98.600000
98.650000
98.675000
98.700000
98.750000
98.775000
98.800000
98.850000
98.875000
98.900000
98.950000
98.975000
99.000000
99.050000
99.075000
99.100000
99.150000
99.175000
99.200000
99.250000
99.275000
99.300000
99.350000
99.375000
99.400000
99.450000
99.475000
99.500000
99.550000
99.575000
99.600000
99.650000
99.675000
99.700000
99.750000
99.775000
99.800000
99.850000
99.875000
99.900000
99.950000
99.975000
100.000000
100.050000
100.075000
100.100000
100.150000
100.175000
100.200000
100.250000
100.275000
100.300000
100.350000
100.375000
100.400000
100.450000
100.475000
100.500000
100.550000
100.575000
100.600000
100.650000
100.675000
100.700000
100.750000
100.775000
100.800000
100.850000
100.875000
100.900000
100.950000
100.975000
101.000000
101.050000
101.075000
101.100000
101.150000
101.175000
101.200000
101.250000
101.275000
101.300000
101.350000
101.375000
101.400000
101.450000
101.475000
101.500000
101.550000
101.575000
101.600000
101.650000
101.675000
101.700000
101.750000
101.775000
101.800000
101.850000
101.875000
101.900000
101.950000
101.975000
102.000000
102.050000
102.075000
102.100000
102.150000
102.175000
102.200000
102.250000
102.275000
102.300000
102.350000
102.375000
102.400000
102.450000
102.475000
102.500000
102.550000
102.575000
102.600000
102.650000
102.675000
102.700000
102.750000
102.775000
102.800000
102.850000
102.875000
102.900000
102.950000
102.975000
103.000000
103.050000
103.075000
103.100000
103.150000
103.175000
103.200000
103.250000
103.275000
103.300000
103.350000
103.375000
103.400000
103.450000
103.475000
103.500000
103.550000
103.575000
103.600000
103.650000
103.675000
103.700000
103.750000
103.775000
103.800000
103.850000
103.875000
103.900000
103.950000
103.975000
104.000000
104.050000
104.075000
104.100000
104.150000
104.175000
104.200000
104.250000
104.275000
104.300000
104.350000
104.375000
104.400000
104.450000
104.475000
104.500000
104.550000
104.575000
104.600000
104.650000
104.675000
104.700000
104.750000
104.775000
104.800000
104.850000
104.875000
104.900000
104.950000
104.975000
105.000000
105.050000
105.075000
105.100000
105.150000
105.175000
105.200000
105.250000
105.275000
105.300000
105.350000
105.375000
105.400000
105.450000
105.475000
105.500000
105.550000
105.575000
105.600000
105.650000
105.675000
105.700000
105.750000
105.775000
105.800000
105.850000
105.875000
105.900000
105.950000
105.975000
106.000000
106.050000
106.075000
106.100000
106.150000
106.175000
106.200000
106.250000
106.275000
106.300000
106.350000
106.375000
106.400000
106.450000
106.475000
106.500000
106.550000
106.575000
106.600000
106.650000
106.675000
106.700000
106.750000
106.775000
106.800000
106.850000
106.875000
106.900000
106.950000
106.975000
107.000000
107.050000
107.075000
107.100000
107.150000
107.175000
107.200000
107.250000
107.275000
107.300000
107.350000
107.375000
107.400000
107.450000
107.475000
107.500000
107.550000
107.575000
107.600000
107.650000
107.675000
107.700000
107.750000
107.775000
107.800000
107.850000
107.875000
107.900000
107.950000
107.975000
108.000000
108.050000
108.075000
108.100000
108.150000
108.175000
108.200000
108.250000
108.275000
108.300000
108.350000
108.375000
108.400000
108.450000
108.475000
108.500000
108.550000
108.575000
108.600000
108.650000
108.675000
108.700000
108.750000
108.775000
108.800000
108.850000
108.875000
108.900000
108.950000
108.975000
109.000000
109.050000
109.075000
109.100000
109.150000
109.175000
109.200000
109.250000
109.275000
109.300000
109.350000
109.375000
109.400000
109.450000
109.475000
109.500000
109.550000
109.575000
109.600000
109.650000
109.675000
109.700000
109.750000
109.775000
109.800000
109.850000
109.875000
109.900000
109.950000
109.975000
110.000000
110.050000
110.075000
110.100000
110.150000
110.175000
110.200000
110.250000
110.275000
110.300000
110.350000
110.375000
110.400000
110.450000
110.475000
110.500000
110.550000
110.575000
110.600000
110.650000
110.675000
110.700000
110.750000
110.775000
110.800000
110.850000
110.875000
110.900000
110.950000
110.975000
111.000000
111.050000
111.075000
111.100000
111.150000
111.175000
111.200000
111.250000
111.275000
111.300000
111.350000
111.375000
111.400000
111.450000
111.475000
111.500000
111.550000
111.575000
111.600000
111.650000
111.675000
111.700000
111.750000
111.775000
111.800000
111.850000
111.875000
111.900000
111.950000
111.975000
112.000000
112.050000
112.075000
112.100000
112.150000
112.175000
112.200000
112.250000
112.275000
112.300000
112.350000
112.375000
112.400000
112.450000
112.475000
112.500000
112.550000
112.575000
112.600000
112.650000
112.675000
112.700000
112.750000
112.775000
112.800000
112.850000
112.875000
112.900000
112.950000
112.975000
113.000000
113.050000
113.075000
113.100000
113.150000
113.175000
113.200000
113.250000
113.275000
113.300000
113.350000
113.375000
113.400000
113.450000
113.475000
113.500000
113.550000
113.575000
113.600000
113.650000
113.675000
113.700000
113.750000
113.775000
113.800000
113.850000
113.875000
113.900000
113.950000
113.975000
114.000000
114.050000
114.075000
114.100000
114.150000
114.175000
114.200000
114.250000
114.275000
114.300000
114.350000
114.375000
114.400000
114.450000
114.475000
114.500000
114.550000
114.575000
114.600000
114.650000
114.675000
114.700000
114.750000
114.775000
114.800000
114.850000
114.875000
114.900000
114.950000
114.975000
115.000000
115.050000
115.075000
115.100000
115.150000
115.175000
115.200000
115.250000
115.275000
115.300000
115.350000
115.375000
115.400000
115.450000
115.475000
115.500000
115.550000
115.575000
115.600000
115.650000
115.675000
115.700000
115.750000
115.775000
115.800000
115.850000
115.875000
115.900000
115.950000
115.975000
116.000000
116.050000
116.075000
116.100000
116.150000
116.175000
116.200000
116.250000
116.275000
116.300000
116.350000
116.375000
116.400000
116.450000
116.475000
116.500000
116.550000
116.575000
116.600000
116.650000
116.675000
116.700000
116.750000
116.775000
116.800000
116.850000
116.875000
116.900000
116.950000
116.975000
117.000000
117.050000
117.075000
117.100000
117.150000
117.175000
117.200000
117.250000
117.275000
117.300000
117.350000
117.375000
117.400000
117.450000
117.475000
117.500000
117.550000
117.575000
117.600000
117.650000
117.675000
117.700000
117.750000
117.775000
117.800000
117.850000
117.875000
117.900000
117.950000
117.975000
118.000000
118.050000
118.075000
118.100000
118.150000
118.175000
118.200000
118.250000
118.275000
118.300000
118.350000
118.375000
118.400000
118.450000
118.475000
118.500000
118.550000
118.575000
118.600000
118.650000
118.675000
118.700000
118.750000
118.775000
118.800000
118.850000
118.875000
118.900000
118.950000
118.975000
119.000000
119.050000
119.075000
119.100000
119.150000
119.175000
119.200000
119.250000
119.275000
119.300000
119.350000
119.375000
119.400000
119.450000
119.475000
119.500000
119.550000
119.575000
119.600000
119.650000
119.675000
119.700000
119.750000
119.775000
119.800000
119.850000
119.875000
119.900000
119.950000
119.975000
120.000000
120.050000
120.075000
120.100000
120.150000
120.175000
120.200000
120.250000
120.275000
120.300000
120.350000
120.375000
120.400000
120.450000
120.475000
120.500000
120.550000
120.575000
120.600000
120.650000
120.675000
120.700000
120.750000
120.775000
120.800000
120.850000
120.875000
120.900000
120.950000
120.975000
121.000000
121.050000
121.075000
121.100000
121.150000
121.175000
121.200000
121.250000
121.275000
121.300000
121.350000
121.375000
121.400000
121.450000
121.475000
121.500000
121.550000
121.575000
121.600000
121.650000
121.675000
121.700000
121.750000
121.775000
121.800000
121.850000
121.875000
121.900000
121.950000
121.975000
122.000000
122.050000
122.075000
122.100000
122.150000
122.175000
122.200000
122.250000
122.275000
122.300000
122.350000
122.375000
122.400000
122.450000
122.475000
122.500000
122.550000
122.575000
122.600000
122.650000
122.675000
122.700000
122.750000
122.775000
122.800000
122.850000
122.875000
122.900000
122.950000
122.975000
123.000000
123.050000
123.075000
123.100000
123.150000
123.175000
123.200000
123.250000
123.275000
123.300000
123.350000
123.375000
123.400000
123.450000
123.475000
123.500000
123.550000
123.575000
123.600000
123.650000
123.675000
123.700000
123.750000
123.775000
123.800000
123.850000
123.875000
123.900000
123.950000
123.975000
124.000000
124.050000
124.075000
124.100000
124.150000
124.175000
124.200000
124.250000
124.275000
124.300000
124.350000
124.375000
124.400000
124.450000
124.475000
124.500000
124.550000
124.575000
124.600000
124.650000
124.675000
124.700000
124.750000
124.775000
124.800000
124.850000
124.875000
124.900000
124.950000
124.975000
125.000000
125.050000
125.075000
125.100000
125.150000
125.175000
125.200000
125.250000
125.275000
125.300000
125.350000
125.375000
125.400000
125.450000
125.475000
125.500000
125.550000
125.575000
125.600000
125.650000
125.675000
125.700000
125.750000
125.775000
125.800000
125.850000
125.875000
125.900000
125.950000
125.975000
126.000000
126.050000
126.075000
126.100000
126.150000
126.175000
126.200000
126.250000
126.275000
126.300000
126.350000
126.375000
126.400000
126.450000
126.475000
126.500000
126.550000
126.575000
126.600000
126.650000
126.675000
126.700000
126.750000
126.775000
126.800000
126.850000
126.875000
126.900000
126.850000
126.825000
126.800000
126.750000
126.725000
126.700000
126.650000
126.625000
126.600000
126.550000
126.525000
126.500000
126.450000
126.425000
126.400000
126.350000
126.325000
126.300000
126.250000
126.225000
126.200000
126.150000
126.125000
126.100000
126.050000
126.025000
126.000000
125.950000
125.925000
125.900000
125.850000
125.825000
125.800000
125.750000
125.725000
125.700000
125.650000
125.625000
125.600000
125.550000
125.525000
125.500000
125.450000
125.425000
125.400000
125.350000
125.325000
125.300000
125.250000
125.225000
125.200000
125.150000
125.125000
125.100000
125.050000
125.025000
125.000000
124.950000
124.925000
124.900000
124.850000
124.825000
124.800000
124.750000
124.725000
124.700000
124.650000
124.625000
124.600000
124.550000
124.525000
124.500000
124.450000
124.425000
124.400000
124.350000
124.325000
124.300000
124.250000
124.225000
124.200000
124.150000
124.125000
124.100000
124.050000
124.025000
124.000000
123.950000
123.925000
123.900000
123.850000
123.825000
123.800000
123.750000
123.725000
123.700000
123.650000
123.625000
123.600000
123.550000
123.525000
123.500000
123.450000
123.425000
123.400000
123.350000
123.325000
123.300000
123.250000
123.225000
123.200000
123.150000
123.125000
123.100000
123.050000
123.025000
123.000000
122.950000
122.925000
122.900000
122.850000
122.825000
122.800000
122.750000
122.725000
122.700000
122.650000
122.625000
122.600000
122.550000
122.525000
122.500000
122.450000
122.425000
122.400000
122.350000
122.325000
122.300000
122.250000
122.225000
122.200000
122.150000
122.125000
122.100000
122.050000
122.025000
122.000000
121.950000
121.925000
121.900000
121.850000
121.825000
121.800000
121.750000
121.725000
121.700000
121.650000
121.625000
121.600000
121.550000
121.525000
121.500000
121.450000
121.425000
121.400000
121.350000
121.325000
121.300000
121.250000
121.225000
121.200000
121.150000
121.125000
121.100000
121.050000
121.025000
121.000000
120.950000
120.925000
120.900000
120.850000
120.825000
120.800000
120.750000
120.725000
120.700000
120.650000
120.625000
120.600000
120.550000
120.525000
120.500000
120.450000
120.425000
120.400000
120.350000
120.325000
120.300000
120.250000
120.225000
120.200000
120.150000
120.125000
120.100000
120.050000
120.025000
120.000000
119.950000
119.925000
119.900000
119.850000
119.825000
119.800000
119.750000
119.725000
119.700000
119.650000
119.625000
119.600000
119.550000
119.525000
119.500000
119.450000
119.425000
119.400000
119.350000
119.325000
119.300000
119.250000
119.225000
119.200000
119.150000
119.125000
119.100000
119.050000
119.025000
119.000000
118.950000
118.925000
118.900000
118.850000
118.825000
118.800000
118.750000
118.725000
118.700000
118.650000
118.625000
118.600000
118.550000
118.525000
118.500000
118.450000
118.425000
118.400000
118.350000
118.325000
118.300000
118.250000
118.225000
118.200000
118.150000
118.125000
118.100000
118.050000
118.025000
118.000000
117.950000
117.925000
117.900000
117.850000
117.825000
117.800000
117.750000
117.725000
117.700000
117.650000
117.625000
117.600000
117.550000
117.525000
117.500000
117.450000
117.425000
117.400000
117.350000
117.325000
117.300000
117.250000
117.225000
117.200000
117.150000
117.125000
117.100000
117.050000
117.025000
117.000000
116.950000
116.925000
116.900000
116.850000
116.825000
116.800000
116.750000
116.725000
116.700000
116.650000
116.625000
116.600000
116.550000
116.525000
116.500000
116.450000
116.425000
116.400000
116.350000
116.325000
116.300000
116.250000
116.225000
116.200000
116.150000
116.125000
116.100000
116.050000
116.025000
116.000000
115.950000
115.925000
115.900000
115.850000
115.825000
115.800000
115.750000
115.725000
115.700000
115.650000
115.625000
115.600000
115.550000
115.525000
115.500000
115.450000
115.425000
115.400000
115.350000
115.325000
115.300000
115.250000
115.225000
115.200000
115.150000
115.125000
115.100000
115.050000
115.025000
115.000000
114.950000
114.925000
114.900000
114.850000
114.825000
114.800000
114.750000
114.725000
114.700000
114.650000
114.625000
114.600000
114.550000
114.525000
114.500000
114.450000
114.425000
114.400000
114.350000
114.325000
114.300000
114.250000
114.225000
114.200000
114.150000
114.125000
114.100000
114.050000
114.025000
114.000000
113.950000
113.925000
113.900000
113.850000
113.825000
113.800000
113.750000
113.725000
113.700000
113.650000
113.625000
113.600000
113.550000
113.525000
113.500000
113.450000
113.425000
113.400000
113.350000
113.325000
113.300000
113.250000
113.225000
113.200000
113.150000
113.125000
113.100000
113.050000
113.025000
113.000000
112.950000
112.925000
112.900000
112.850000
112.825000
112.800000
112.750000
112.725000
112.700000
112.650000
112.625000
112.600000
112.550000
112.525000
112.500000
112.450000
112.425000
112.400000
112.350000
112.325000
112.300000
112.250000
112.225000
112.200000
112.150000
112.125000
112.100000
112.050000
112.025000
112.000000
111.950000
111.925000
111.900000
111.850000
111.825000
111.800000
111.750000
111.725000
111.700000
111.650000
111.625000
111.600000
111.550000
111.525000
111.500000
111.450000
111.425000
111.400000
111.350000
111.325000
111.300000
111.250000
111.225000
111.200000
111.150000
111.125000
111.100000
111.050000
111.025000
111.000000
110.950000
110.925000
110.900000
110.850000
110.825000
110.800000
110.750000
110.725000
110.700000
110.650000
110.625000
110.600000
110.550000
110.525000
110.500000
110.450000
110.425000
110.400000
110.350000
110.325000
110.300000
110.250000
110.225000
110.200000
110.150000
110.125000
110.100000
110.050000
110.025000
110.000000
109.950000
109.925000
109.900000
109.850000
109.825000
109.800000
109.750000
109.725000
109.700000
109.650000
109.625000
109.600000
109.550000
109.525000
109.500000
109.450000
109.425000
109.400000
109.350000
109.325000
109.300000
109.250000
109.225000
109.200000
109.150000
109.125000
109.100000
109.050000
109.025000
109.000000
108.950000
108.925000
108.900000
108.850000
108.825000
108.800000
108.750000
108.725000
108.700000
108.650000
108.625000
108.600000
108.550000
108.525000
108.500000
108.450000
108.425000
108.400000
108.350000
108.325000
108.300000
108.250000
108.225000
108.200000
108.150000
108.125000
108.100000
108.050000
108.025000
108.000000
107.950000
107.925000
107.900000
107.850000
107.825000
107.800000
107.750000
107.725000
107.700000
107.650000
107.625000
107.600000
107.550000
107.525000
107.500000
107.450000
107.425000
107.400000
107.350000
107.325000
107.300000
107.250000
107.225000
107.200000
107.150000
107.125000
107.100000
107.050000
107.025000
107.000000
106.950000
106.925000
106.900000
106.850000
106.825000
106.800000
106.750000
106.725000
106.700000
106.650000
106.625000
106.600000
106.550000
106.525000
106.500000
106.450000
106.425000
106.400000
106.350000
106.325000
106.300000
106.250000
106.225000
106.200000
106.150000
106.125000
106.100000
106.050000
106.025000
106.000000
105.950000
105.925000
105.900000
105.850000
105.825000
105.800000
105.750000
105.725000
105.700000
105.650000
105.625000
105.600000
105.550000
105.525000
105.500000
105.450000
105.425000
105.400000
105.350000
105.325000
105.300000
105.250000
105.225000
105.200000
105.150000
105.125000
105.100000
105.050000
105.025000
105.000000
104.950000
104.925000
104.900000
104.850000
104.825000
104.800000
104.750000
104.725000
104.700000
104.650000
104.625000
104.600000
104.550000
104.525000
104.500000
104.450000
104.425000
104.400000
104.350000
104.325000
104.300000
104.250000
104.225000
104.200000
104.150000
104.125000
104.100000
104.050000
104.025000
104.000000
103.950000
103.925000
103.900000
103.850000
103.825000
103.800000
103.750000
103.725000
103.700000
103.650000
103.625000
103.600000
103.550000
103.525000
103.500000
103.450000
103.425000
103.400000
103.350000
103.325000
103.300000
103.250000
103.225000
103.200000
103.150000
103.125000
103.100000
103.050000
103.025000
103.000000
102.950000
102.925000
102.900000
102.850000
102.825000
102.800000
102.750000
102.725000
102.700000
102.650000
102.625000
102.600000
102.550000
102.525000
102.500000
102.450000
102.425000
102.400000
102.350000
102.325000
102.300000
102.250000
102.225000
102.200000
102.150000
102.125000
102.100000
102.050000
102.025000
102.000000
101.950000
101.925000
101.900000
101.850000
101.825000
101.800000
101.750000
101.725000
101.700000
101.650000
101.625000
101.600000
101.550000
101.525000
101.500000
101.450000
101.425000
101.400000
101.350000
101.325000
101.300000
101.250000
101.225000
101.200000
101.150000
101.125000
101.100000
101.050000
101.025000
101.000000
100.950000
100.925000
100.900000
100.850000
100.825000
100.800000
100.750000
100.725000
100.700000
100.650000
100.625000
100.600000
100.550000
100.525000
100.500000
100.450000
100.425000
100.400000
100.350000
100.325000
100.300000
100.250000
100.225000
100.200000
100.150000
100.125000
100.100000
100.050000
100.025000
100.000000
99.950000
99.925000
99.900000
99.850000
99.825000
99.800000
99.750000
99.725000
99.700000
99.650000
99.625000
99.600000
99.550000
99.525000
99.500000
99.450000
99.425000
99.400000
99.350000
99.325000
99.300000
99.250000
99.225000
99.200000
99.150000
99.125000
99.100000
99.050000
99.025000
99.000000
98.950000
98.925000
98.900000
98.850000
98.825000
98.800000
98.750000
98.725000
98.700000
98.650000
98.625000
98.600000
98.550000
98.525000
98.500000
98.450000
98.425000
98.400000
98.350000
98.325000
98.300000
98.250000
98.225000
98.200000
98.150000
98.125000
98.100000
98.050000
98.025000
98.000000
97.950000
97.925000
97.900000
97.850000
97.825000
97.800000
97.750000
97.725000
97.700000
97.650000
97.625000
97.600000
97.550000
97.525000
97.500000
97.450000
97.425000
97.400000
97.350000
97.325000
97.300000
97.250000
97.225000
97.200000
97.150000
97.125000
97.100000
97.050000
97.025000
97.000000
96.950000
96.925000
96.900000
96.850000
96.825000
96.800000
96.750000
96.725000
96.700000
96.650000
96.625000
96.600000
96.550000
96.525000
96.500000
96.450000
96.425000
96.400000
96.350000
96.325000
96.300000
96.250000
96.225000
96.200000
96.150000
96.125000
96.100000
96.050000
96.025000
96.000000
95.950000
95.925000
95.900000
95.850000
95.825000
95.800000
95.750000
95.725000
95.700000
95.650000
95.625000
95.600000
95.550000
95.525000
95.500000
95.450000
95.425000
95.400000
95.350000
95.325000
95.300000
95.250000
95.225000
95.200000
95.150000
95.125000
95.100000
95.050000
95.025000
95.000000
94.950000
94.925000
94.900000
94.850000
94.825000
94.800000
94.750000
94.725000
94.700000
94.650000
94.625000
94.600000
94.550000
94.525000
94.500000
94.450000
94.425000
94.400000
94.350000
94.325000
94.300000
94.250000
94.225000
94.200000
94.150000
94.125000
94.100000
94.050000
94.025000
94.000000
93.950000
93.925000
93.900000
93.850000
93.825000
93.800000
93.750000
93.725000
93.700000
93.650000
93.625000
93.600000
93.550000
93.525000
93.500000
93.450000
93.425000
93.400000
93.350000
93.325000
93.300000
93.250000
93.225000
93.200000
93.150000
93.125000
93.100000
93.050000
93.025000
93.000000
92.950000
92.925000
92.900000
92.850000
92.825000
92.800000
92.750000
92.725000
92.700000
92.650000
92.625000
92.600000
92.550000
92.525000
92.500000
92.450000
92.425000
92.400000
92.350000
92.325000
92.300000
92.250000
92.225000
92.200000
92.150000
92.125000
92.100000
92.050000
92.025000
92.000000
91.950000
91.925000
91.900000
91.850000
91.825000
91.800000
91.750000
91.725000
91.700000
91.650000
91.625000
91.600000
91.550000
91.525000
91.500000
91.450000
91.425000
91.400000
91.350000
91.325000
91.300000
91.250000
91.225000
91.200000
91.150000
91.125000
91.100000
91.050000
91.025000
91.000000
90.950000
90.925000
90.900000
90.850000
90.825000
90.800000
90.750000
90.725000
90.700000
90.650000
90.625000
90.600000
90.550000
90.525000
90.500000
90.450000
90.425000
90.400000
90.350000
90.325000
90.300000
90.250000
90.225000
90.200000
90.150000
90.125000
90.100000
90.050000
90.025000
90.000000
89.950000
89.925000
89.900000
89.850000
89.825000
89.800000
89.750000
89.725000
89.700000
89.650000
89.625000
89.600000
89.550000
89.525000
89.500000
89.450000
89.425000
89.400000
89.350000
89.325000
89.300000
89.250000
89.225000
89.200000
89.150000
89.125000
89.100000
89.050000
89.025000
89.000000
88.950000
88.925000
88.900000
88.850000
88.825000
88.800000
88.750000
88.725000
88.700000
88.650000
88.625000
88.600000
88.550000
88.525000
88.500000
88.450000
88.425000
88.400000
88.350000
88.325000
88.300000
88.250000
88.225000
88.200000
88.150000
88.125000
88.100000
88.050000
88.025000
88.000000
87.950000
87.925000
87.900000
87.850000
87.825000
87.800000
87.750000
87.725000
87.700000
87.650000
87.625000
87.600000
87.550000
87.525000
87.500000
87.450000
87.425000
87.400000
87.350000
87.325000
87.300000
87.250000
87.225000
87.200000
87.150000
87.125000
87.100000
87.050000
87.025000
87.000000
86.950000
86.925000
86.900000
86.850000
86.825000
86.800000
86.750000
86.725000
86.700000
86.650000
86.625000
86.600000
86.550000
86.525000
86.500000
86.450000
86.425000
86.400000
86.350000
86.325000
86.300000
86.250000
86.225000
86.200000
86.150000
86.125000
86.100000
86.050000
86.025000
86.000000
85.950000
85.925000
85.900000
85.850000
85.825000
85.800000
85.750000
85.725000
85.700000
85.650000
85.625000
85.600000
85.550000
85.525000
85.500000
85.450000
85.425000
85.400000
85.350000
85.325000
85.300000
85.250000
85.225000
85.200000
85.150000
85.125000
85.100000
85.050000
85.025000
85.000000
84.950000
84.925000
84.900000
84.850000
84.825000
84.800000
84.750000
84.725000
84.700000
84.650000
84.625000
84.600000
84.550000
84.525000
84.500000
84.450000
84.425000
84.400000
84.350000
84.325000
84.300000
84.250000
84.225000
84.200000
84.150000
84.125000
84.100000
84.050000
84.025000
84.000000
83.950000
83.925000
83.900000
83.850000
83.825000
83.800000
83.750000
83.725000
83.700000
83.650000
83.625000
83.600000
83.550000
83.525000
83.500000
83.450000
83.425000
83.400000
83.350000
83.325000
83.300000
83.250000
83.225000
83.200000
83.150000
83.125000
83.100000
83.050000
83.025000
83.000000
82.950000
82.925000
82.900000
82.850000
82.825000
82.800000
82.750000
82.725000
82.700000
82.650000
82.625000
82.600000
82.550000
82.525000
82.500000
82.450000
82.425000
82.400000
82.350000
82.325000
82.300000
82.250000
82.225000
82.200000
82.150000
82.125000
82.100000
82.050000
82.025000
82.000000
81.950000
81.925000
81.900000
81.850000
81.825000
81.800000
81.750000
81.725000
81.700000
81.650000
81.625000
81.600000
81.550000
81.525000
81.500000
81.450000
81.425000
81.400000
81.350000
81.325000
81.300000
81.250000
81.225000
81.200000
81.150000
81.125000
81.100000
81.050000
81.025000
81.000000
80.950000
80.925000
80.900000
80.850000
80.825000
80.800000
80.750000
80.725000
80.700000
80.650000
80.625000
80.600000
80.550000
80.525000
80.500000
80.450000
80.425000
80.400000
80.350000
80.325000
80.300000
80.250000
80.225000
80.200000
80.150000
80.125000
80.100000
80.050000
80.025000
80.000000
79.950000
79.925000
79.900000
79.850000
79.825000
79.800000
79.750000
79.725000
79.700000
79.650000
79.625000
79.600000
79.550000
79.525000
79.500000
79.450000
79.425000
79.400000
79.350000
79.325000
79.300000
79.250000
79.225000
79.200000
79.150000
79.125000
79.100000
79.050000
79.025000
79.000000
78.950000
78.925000
78.900000
78.850000
78.825000
78.800000
78.850000
78.875000
78.900000
78.950000
78.975000
79.000000
79.050000
79.075000
79.100000
79.150000
79.175000
79.200000
79.250000
79.275000
79.300000
79.350000
79.375000
79.400000
79.450000
79.475000
79.500000
79.550000
79.575000
79.600000
79.650000
79.675000
79.700000
79.750000
79.775000
79.800000
79.850000
79.875000
79.900000
79.950000
79.975000
80.000000
80.050000
80.075000
80.100000
80.150000
80.175000
80.200000
80.250000
80.275000
80.300000
80.350000
80.375000
80.400000
80.450000
80.475000
80.500000
80.550000
80.575000
80.600000
80.650000
80.675000
80.700000
80.750000
80.775000
80.800000
80.850000
80.875000
80.900000
80.950000
80.975000
81.000000
81.050000
81.075000
81.100000
81.150000
81.175000
81.200000
81.250000
81.275000
81.300000
81.350000
81.375000
81.400000
81.450000
81.475000
81.500000
81.550000
81.575000
81.600000
81.650000
81.675000
81.700000
81.750000
81.775000
81.800000
81.850000
81.875000
81.900000
81.950000
81.975000
82.000000
82.050000
82.075000
82.100000
82.150000
82.175000
82.200000
82.250000
82.275000
82.300000
82.350000
82.375000
82.400000
82.450000
82.475000
82.500000
82.550000
82.575000
82.600000
82.650000
82.675000
82.700000
82.750000
82.775000
82.800000
82.850000
82.875000
82.900000
82.950000
82.975000
83.000000
83.050000
83.075000
83.100000
83.150000
83.175000
83.200000
83.250000
83.275000
83.300000
83.350000
83.375000
83.400000
83.450000
83.475000
83.500000
83.550000
83.575000
83.600000
83.650000
83.675000
83.700000
83.750000
83.775000
83.800000
83.850000
83.875000
83.900000
83.950000
83.975000
84.000000
84.050000
84.075000
84.100000
84.150000
84.175000
84.200000
84.250000
84.275000
84.300000
84.350000
84.375000
84.400000
84.450000
84.475000
84.500000
84.550000
84.575000
84.600000
84.650000
84.675000
84.700000
84.750000
84.775000
84.800000
84.850000
84.875000
84.900000
84.950000
84.975000
85.000000
85.050000
85.075000
85.100000
85.150000
85.175000
85.200000
85.250000
85.275000
85.300000
85.350000
85.375000
85.400000
85.450000
85.475000
85.500000
85.550000
85.575000
85.600000
85.650000
85.675000
85.700000
85.750000
85.775000
85.800000
85.850000
85.875000
85.900000
85.950000
85.975000
86.000000
86.050000
86.075000
86.100000
86.150000
86.175000
86.200000
86.250000
86.275000
86.300000
86.350000
86.375000
86.400000
86.450000
86.475000
86.500000
86.550000
86.575000
86.600000
86.650000
86.675000
86.700000
86.750000
86.775000
86.800000
86.850000
86.875000
86.900000
86.950000
86.975000
87.000000
87.050000
87.075000
87.100000
87.150000
87.175000
87.200000
87.250000
87.275000
87.300000
87.350000
87.375000
87.400000
87.450000
87.475000
87.500000
87.550000
87.575000
87.600000
87.650000
87.675000
87.700000
87.750000
87.775000
87.800000
87.850000
87.875000
87.900000
87.950000
87.975000
88.000000
88.050000
88.075000
88.100000
88.150000
88.175000
88.200000
88.250000
88.275000
88.300000
88.350000
88.375000
88.400000
88.450000
88.475000
88.500000
88.550000
88.575000
88.600000
88.650000
88.675000
88.700000
88.750000
88.775000
88.800000
88.850000
88.875000
88.900000
88.950000
88.975000
89.000000
89.050000
89.075000
89.100000
89.150000
89.175000
89.200000
89.250000
89.275000
89.300000
89.350000
89.375000
89.400000
89.450000
89.475000
89.500000
89.550000
89.575000
89.600000
89.650000
89.675000
89.700000
89.750000
89.775000
89.800000
89.850000
89.875000
89.900000
89.950000
89.975000
90.000000
90.050000
90.075000
90.100000
90.150000
90.175000
90.200000
90.250000
90.275000
90.300000
90.350000
90.375000
90.400000
90.450000
90.475000
90.500000
90.550000
90.575000
90.600000
90.650000
90.675000
90.700000
90.750000
90.775000
90.800000
90.850000
90.875000
90.900000
90.950000
90.975000
91.000000
91.050000
91.075000
91.100000
91.150000
91.175000
91.200000
91.250000
91.275000
91.300000
91.350000
91.375000
91.400000
91.450000
91.475000
91.500000
91.550000
91.575000
91.600000
91.650000
91.675000
91.700000
91.750000
91.775000
91.800000
91.850000
91.875000
91.900000
91.950000
91.975000
92.000000
92.050000
92.075000
92.100000
92.150000
92.175000
92.200000
92.250000
92.275000
92.300000
92.350000
92.375000
92.400000
92.450000
92.475000
92.500000
92.550000
92.575000
92.600000
92.650000
92.675000
92.700000
92.750000
92.775000
92.800000
92.850000
92.875000
92.900000
92.950000
92.975000
93.000000
93.050000
93.075000
93.100000
93.150000
93.175000
93.200000
93.250000
93.275000
93.300000
93.350000
93.375000
93.400000
93.450000
93.475000
93.500000
93.550000
93.575000
93.600000
93.650000
93.675000
93.700000
93.750000
93.775000
93.800000
93.850000
93.875000
93.900000
93.950000
93.975000
94.000000
94.050000
94.075000
94.100000
94.150000
94.175000
94.200000
94.250000
94.275000
94.300000
94.350000
94.375000
94.400000
94.450000
94.475000
94.500000
94.550000
94.575000
94.600000
94.650000
94.675000
94.700000
94.750000
94.775000
94.800000
94.850000
94.875000
94.900000
94.950000
94.975000
95.000000
95.050000
95.075000
95.100000
95.150000
95.175000
95.200000
95.250000
95.275000
95.300000
95.350000
95.375000
95.400000
95.450000
95.475000
95.500000
95.550000
95.575000
95.600000
95.650000
95.675000
95.700000
95.750000
95.775000
95.800000
95.850000
95.875000
95.900000
95.950000
95.975000
96.000000
96.050000
96.075000
96.100000
96.150000
96.175000
96.200000
96.250000
96.275000
96.300000
96.350000
96.375000
96.400000
96.450000
96.475000
96.500000
96.550000
96.575000
96.600000
96.650000
96.675000
96.700000
96.750000
96.775000
96.800000
96.850000
96.875000
96.900000
96.950000
96.975000
97.000000
97.050000
97.075000
97.100000
97.150000
97.175000
97.200000
97.250000
97.275000
97.300000
97.350000
97.375000
97.400000
97.450000
97.475000
97.500000
97.550000
97.575000
97.600000
97.650000
97.675000
97.700000
97.750000
97.775000
97.800000
97.850000
97.875000
97.900000
97.950000
97.975000
98.000000
98.050000
98.075000
98.100000
98.150000
98.175000
98.200000
98.250000
98.275000
98.300000
98.350000
98.375000
98.400000
98.450000
98.475000
98.500000
98.550000
98.575000
98.600000
98.650000
98.675000
98.700000
98.750000
98.775000
98.800000
98.850000
98.875000
98.900000
98.950000
98.975000
99.000000
99.050000
99.075000
99.100000
99.150000
99.175000
99.200000
99.250000
99.275000
99.300000
99.350000
99.375000
99.400000
99.450000
99.475000
99.500000
99.550000
99.575000
99.600000
99.650000
99.675000
99.700000
99.750000
99.775000
99.800000
99.850000
99.875000
99.900000
99.950000
99.975000
100.000000
100.050000
100.075000
100.100000
100.150000
100.175000
100.200000
100.250000
100.275000
100.300000
100.350000
100.375000
100.400000
100.450000
100.475000
100.500000
100.550000
100.575000
100.600000
100.650000
100.675000
100.700000
100.750000
100.775000
100.800000
100.850000
100.875000
100.900000
100.950000
100.975000
101.000000
101.050000
101.075000
101.100000
101.150000
101.175000
101.200000
101.250000
101.275000
101.300000
101.350000
101.375000
101.400000
101.450000
101.475000
101.500000
101.550000
101.575000
101.600000
101.650000
101.675000
101.700000
101.750000
101.775000
101.800000
101.850000
101.875000
101.900000
101.950000
101.975000
102.000000
102.050000
102.075000
102.100000
102.150000
102.175000
102.200000
102.250000
102.275000
102.300000
102.350000
102.375000
102.400000
102.450000
102.475000
102.500000
102.550000
102.575000
102.600000
102.650000
102.675000
102.700000
102.750000
102.775000
102.800000
102.850000
102.875000
102.900000
102.950000
102.975000
103.000000
103.050000
103.075000
103.100000
103.150000
103.175000
103.200000
103.250000
103.275000
103.300000
103.350000
103.375000
103.400000
103.450000
103.475000
103.500000
103.550000
103.575000
103.600000
103.650000
103.675000
103.700000
103.750000
103.775000
103.800000
103.850000
103.875000
103.900000
103.950000
103.975000
104.000000
104.050000
104.075000
104.100000
104.150000
104.175000
104.200000
104.250000
104.275000
104.300000
104.350000
104.375000
104.400000
104.450000
104.475000
104.500000
104.550000
104.575000
104.600000
104.650000
104.675000
104.700000
104.750000
104.775000
104.800000
104.850000
104.875000
104.900000
104.950000
104.975000
105.000000
105.050000
105.075000
105.100000
105.150000
105.175000
105.200000
105.250000
105.275000
105.300000
105.350000
105.375000
105.400000
105.450000
105.475000
105.500000
105.550000
105.575000
105.600000
105.650000
105.675000
105.700000
105.750000
105.775000
105.800000
105.850000
105.875000
105.900000
105.950000
105.975000
106.000000
106.050000
106.075000
106.100000
106.150000
106.175000
106.200000
106.250000
106.275000
106.300000
106.350000
106.375000
106.400000
106.450000
106.475000
106.500000
106.550000
106.575000
106.600000
106.650000
106.675000
106.700000
106.750000
106.775000
106.800000
106.850000
106.875000
106.900000
106.950000
106.975000
107.000000
107.050000
107.075000
107.100000
107.150000
107.175000
107.200000
107.250000
107.275000
107.300000
107.350000
107.375000
107.400000
107.450000
107.475000
107.500000
107.550000
107.575000
107.600000
107.650000
107.675000
107.700000
107.750000
107.775000
107.800000
107.850000
107.875000
107.900000
107.950000
107.975000
108.000000
108.050000
108.075000
108.100000
108.150000
108.175000
108.200000
108.250000
108.275000
108.300000
108.350000
108.375000
108.400000
108.450000
108.475000
108.500000
108.550000
108.575000
108.600000
108.650000
108.675000
108.700000
108.750000
108.775000
108.800000
108.850000
108.875000
108.900000
108.950000
108.975000
109.000000
109.050000
109.075000
109.100000
109.150000
109.175000
109.200000
109.250000
109.275000
109.300000
109.350000
109.375000
109.400000
109.450000
109.475000
109.500000
109.550000
109.575000
109.600000
109.650000
109.675000
109.700000
109.750000
109.775000
109.800000
109.850000
109.875000
109.900000
109.950000
109.975000
110.000000
110.050000
110.075000
110.100000
110.150000
110.175000
110.200000
110.250000
110.275000
110.300000
110.350000
110.375000
110.400000
110.450000
110.475000
110.500000
110.550000
110.575000
110.600000
110.650000
110.675000
110.700000
110.750000
110.775000
110.800000
110.850000
110.875000
110.900000
110.950000
110.975000
111.000000
111.050000
111.075000
111.100000
111.150000
111.175000
111.200000
111.250000
111.275000
111.300000
111.350000
111.375000
111.400000
111.450000
111.475000
111.500000
111.550000
111.575000
111.600000
111.650000
111.675000
111.700000
111.750000
111.775000
111.800000
111.850000
111.875000
111.900000
111.950000
111.975000
112.000000
112.050000
112.075000
112.100000
112.150000
112.175000
112.200000
112.250000
112.275000
112.300000
112.350000
112.375000
112.400000
112.450000
112.475000
112.500000
112.450000
112.425000
112.400000
112.350000
112.325000
112.300000
112.250000
112.225000
112.200000
112.150000
112.125000
112.100000
112.050000
112.025000
112.000000
111.950000
111.925000
111.900000
111.850000
111.825000
111.800000
111.750000
111.725000
111.700000
111.650000
111.625000
111.600000
111.550000
111.525000
111.500000
111.450000
111.425000
111.400000
111.350000
111.325000
111.300000
111.250000
111.225000
111.200000
111.150000
111.125000
111.100000
111.050000
111.025000
111.000000
110.950000
110.925000
110.900000
110.850000
110.825000
110.800000
110.750000
110.725000
110.700000
110.650000
110.625000
110.600000
110.550000
110.525000
110.500000
110.450000
110.425000
110.400000
110.350000
110.325000
110.300000
110.250000
110.225000
110.200000
110.150000
110.125000
110.100000
110.050000
110.025000
110.000000
109.950000
109.925000
109.900000
109.850000
109.825000
109.800000
109.750000
109.725000
109.700000
109.650000
109.625000
109.600000
109.550000
109.525000
109.500000
109.450000
109.425000
109.400000
109.350000
109.325000
109.300000
109.250000
109.225000
109.200000
109.150000
109.125000
109.100000
109.050000
109.025000
109.000000
108.950000
108.925000
108.900000
108.850000
108.825000
108.800000
108.750000
108.725000
108.700000
108.650000
108.625000
108.600000
108.550000
108.525000
108.500000
108.450000
108.425000
108.400000
108.350000
108.325000
108.300000
108.250000
108.225000
108.200000
108.150000
108.125000
108.100000
108.050000
108.025000
108.000000
107.950000
107.925000
107.900000
107.850000
107.825000
107.800000
107.750000
107.725000
107.700000
107.650000
107.625000
107.600000
107.550000
107.525000
107.500000
107.450000
107.425000
107.400000
107.350000
107.325000
107.300000
107.250000
107.225000
107.200000
107.150000
107.125000
107.100000
107.050000
107.025000
107.000000
106.950000
106.925000
106.900000
106.850000
106.825000
106.800000
106.750000
106.725000
106.700000
106.650000
106.625000
106.600000
106.550000
106.525000
106.500000
106.450000
106.425000
106.400000
106.350000
106.325000
106.300000
106.250000
106.225000
106.200000
106.150000
106.125000
106.100000
106.050000
106.025000
106.000000
105.950000
105.925000
105.900000
105.850000
105.825000
105.800000
105.750000
105.725000
105.700000
105.650000
105.625000
105.600000
105.550000
105.525000
105.500000
105.450000
105.425000
105.400000
105.350000
105.325000
105.300000
105.250000
105.225000
105.200000
105.150000
105.125000
105.100000
105.050000
105.025000
105.000000
104.950000
104.925000
104.900000
104.850000
104.825000
104.800000
104.750000
104.725000
104.700000
104.650000
104.625000
104.600000
104.550000
104.525000
104.500000
104.450000
104.425000
104.400000
104.350000
104.325000
104.300000
104.250000
104.225000
104.200000
104.150000
104.125000
104.100000
104.050000
104.025000
104.000000
103.950000
103.925000
103.900000
103.850000
103.825000
103.800000
103.750000
103.725000
103.700000
103.650000
103.625000
103.600000
103.550000
103.525000
103.500000
103.450000
103.425000
103.400000
103.350000
103.325000
103.300000
103.250000
103.225000
103.200000
103.150000
103.125000
103.100000
103.050000
103.025000
103.000000
102.950000
102.925000
102.900000
102.850000
102.825000
102.800000
102.750000
102.725000
102.700000
102.650000
102.625000
102.600000
102.550000
102.525000
102.500000
102.450000
102.425000
102.400000
102.350000
102.325000
102.300000
102.250000
102.225000
102.200000
102.150000
102.125000
102.100000
102.050000
102.025000
102.000000
101.950000
101.925000
101.900000
101.850000
101.825000
101.800000
101.750000
101.725000
101.700000
101.650000
101.625000
101.600000
101.550000
101.525000
101.500000
101.450000
101.425000
101.400000
101.350000
101.325000
101.300000
101.250000
101.225000
101.200000
101.150000
101.125000
101.100000
101.050000
101.025000
101.000000
100.950000
100.925000
100.900000
100.850000
100.825000
100.800000
100.750000
100.725000
100.700000
100.650000
100.625000
100.600000
100.550000
100.525000
100.500000
100.450000
100.425000
100.400000
100.350000
100.325000
100.300000
100.250000
100.225000
100.200000
100.150000
100.125000
100.100000
100.050000
100.025000
100.000000
99.950000
99.925000
99.900000
99.850000
99.825000
99.800000
99.750000
99.725000
99.700000
99.650000
99.625000
99.600000
99.550000
99.525000
99.500000
99.450000
99.425000
99.400000
99.350000
99.325000
99.300000
99.250000
99.225000
99.200000
99.150000
99.125000
99.100000
99.050000
99.025000
99.000000
98.950000
98.925000
98.900000
98.850000
98.825000
98.800000
98.750000
98.725000
98.700000
98.650000
98.625000
98.600000
98.550000
98.525000
98.500000
98.450000
98.425000
98.400000
98.350000
98.325000
98.300000
98.250000
98.225000
98.200000
98.150000
98.125000
98.100000
98.050000
98.025000
98.000000
97.950000
97.925000
97.900000
97.850000
97.825000
97.800000
97.750000
97.725000
97.700000
97.650000
97.625000
97.600000
97.550000
97.525000
97.500000
97.450000
97.425000
97.400000
97.350000
97.325000
97.300000
97.250000
97.225000
97.200000
97.150000
97.125000
97.100000
97.050000
97.025000
97.000000
96.950000
96.925000
96.900000
96.850000
96.825000
96.800000
96.750000
96.725000
96.700000
96.650000
96.625000
96.600000
96.550000
96.525000
96.500000
96.450000
96.425000
96.400000
96.350000
96.325000
96.300000
96.250000
96.225000
96.200000
96.150000
96.125000
96.100000
96.050000
96.025000
96.000000
95.950000
95.925000
95.900000
95.850000
95.825000
95.800000
95.750000
95.725000
95.700000
95.650000
95.625000
95.600000
95.550000
95.525000
95.500000
95.450000
95.425000
95.400000
95.350000
95.325000
95.300000
95.250000
95.225000
95.200000
95.150000
95.125000
95.100000
95.050000
95.025000
95.000000
94.950000
94.925000
94.900000
94.850000
94.825000
94.800000
94.750000
94.725000
94.700000
94.650000
94.625000
94.600000
94.550000
94.525000
94.500000
94.450000
94.425000
94.400000
94.350000
94.325000
94.300000
94.250000
94.225000
94.200000
94.150000
94.125000
94.100000
94.050000
94.025000
94.000000
93.950000
93.925000
93.900000
93.850000
93.825000
93.800000
93.750000
93.725000
93.700000
93.650000
93.625000
93.600000
93.550000
93.525000
93.500000
93.450000
93.425000
93.400000
93.350000
93.325000
93.300000
93.250000
93.225000
93.200000
93.150000
93.125000
93.100000
93.050000
93.025000
93.000000
92.950000
92.925000
92.900000
92.850000
92.825000
92.800000
92.750000
92.725000
92.700000
92.650000
92.625000
92.600000
92.550000
92.525000
92.500000
92.450000
92.425000
92.400000
92.350000
92.325000
92.300000
92.250000
92.225000
92.200000
92.150000
92.125000
92.100000
92.050000
92.025000
92.000000
91.950000
91.925000
91.900000
91.850000
91.825000
91.800000
91.750000
91.725000
91.700000
91.650000
91.625000
91.600000
91.550000
91.525000
91.500000
91.450000
91.425000
91.400000
91.350000
91.325000
91.300000
91.250000
91.225000
91.200000
91.150000
91.125000
91.100000
91.050000
91.025000
91.000000
90.950000
90.925000
90.900000
90.850000
90.825000
90.800000
90.750000
90.725000
90.700000
90.650000
90.625000
90.600000
90.550000
90.525000
90.500000
90.450000
90.425000
90.400000
90.350000
90.325000
90.300000
90.250000
90.225000
90.200000
90.150000
90.125000
90.100000
90.050000
90.025000
90.000000
89.950000
89.925000
89.900000
89.850000
89.825000
89.800000
89.750000
89.725000
89.700000
89.650000
89.625000
89.600000
89.550000
89.525000
89.500000
89.450000
89.425000
89.400000
89.350000
89.325000
89.300000
89.250000
89.225000
89.200000
89.150000
89.125000
89.100000
89.050000
89.025000
89.000000
88.950000
88.925000
88.900000
88.850000
88.825000
88.800000
88.750000
88.725000
88.700000
88.650000
88.625000
88.600000
88.550000
88.525000
88.500000
88.450000
88.425000
88.400000
88.350000
88.325000
88.300000
88.250000
88.225000
88.200000
88.150000
88.125000
88.100000
88.050000
88.025000
88.000000
87.950000
87.925000
87.900000
87.850000
87.825000
87.800000
87.750000
87.725000
87.700000
87.650000
87.625000
87.600000
87.550000
87.525000
87.500000
87.450000
87.425000
87.400000
87.350000
87.325000
87.300000
87.250000
87.225000
87.200000
87.150000
87.125000
87.100000
87.050000
87.025000
87.000000
86.950000
86.925000
86.900000
86.850000
86.825000
86.800000
86.750000
86.725000
86.700000
86.650000
86.625000
86.600000
86.550000
86.525000
86.500000
86.450000
86.425000
86.400000
86.350000
86.325000
86.300000
86.350000
86.375000
86.400000
86.450000
86.475000
86.500000
86.550000
86.575000
86.600000
86.650000
86.675000
86.700000
86.750000
86.775000
86.800000
86.850000
86.875000
86.900000
86.950000
86.975000
87.000000
87.050000
87.075000
87.100000
87.150000
87.175000
87.200000
87.250000
87.275000
87.300000
87.350000
87.375000
87.400000
87.450000
87.475000
87.500000
87.550000
87.575000
87.600000
87.650000
87.675000
87.700000
87.750000
87.775000
87.800000
87.850000
87.875000
87.900000
87.950000
87.975000
88.000000
88.050000
88.075000
88.100000
88.150000
88.175000
88.200000
88.250000
88.275000
88.300000
88.350000
88.375000
88.400000
88.450000
88.475000
88.500000
88.550000
88.575000
88.600000
88.650000
88.675000
88.700000
88.750000
88.775000
88.800000
88.850000
88.875000
88.900000
88.950000
88.975000
89.000000
89.050000
89.075000
89.100000
89.150000
89.175000
89.200000
89.250000
89.275000
89.300000
89.350000
89.375000
89.400000
89.450000
89.475000
89.500000
89.550000
89.575000
89.600000
89.650000
89.675000
89.700000
89.750000
89.775000
89.800000
89.850000
89.875000
89.900000
89.950000
89.975000
90.000000
90.050000
90.075000
90.100000
90.150000
90.175000
90.200000
90.250000
90.275000
90.300000
90.350000
90.375000
90.400000
90.450000
90.475000
90.500000
90.550000
90.575000
90.600000
90.650000
90.675000
90.700000
90.750000
90.775000
90.800000
90.850000
90.875000
90.900000
90.950000
90.975000
91.000000
91.050000
91.075000
91.100000
91.150000
91.175000
91.200000
91.250000
91.275000
91.300000
91.350000
91.375000
91.400000
91.450000
91.475000
91.500000
91.550000
91.575000
91.600000
91.650000
91.675000
91.700000
91.750000
91.775000
91.800000
91.850000
91.875000
91.900000
91.950000
91.975000
92.000000
92.050000
92.075000
92.100000
92.150000
92.175000
92.200000
92.250000
92.275000
92.300000
92.350000
92.375000
92.400000
92.450000
92.475000
92.500000
92.550000
92.575000
92.600000
92.650000
92.675000
92.700000
92.750000
92.775000
92.800000
92.850000
92.875000
92.900000
92.950000
92.975000
93.000000
93.050000
93.075000
93.100000
93.150000
93.175000
93.200000
93.250000
93.275000
93.300000
93.350000
93.375000
93.400000
93.450000
93.475000
93.500000
93.550000
93.575000
93.600000
93.650000
93.675000
93.700000
93.750000
93.775000
93.800000
93.850000
93.875000
93.900000
93.950000
93.975000
94.000000
94.050000
94.075000
94.100000
94.150000
94.175000
94.200000
94.250000
94.275000
94.300000
94.350000
94.375000
94.400000
94.450000
94.475000
94.500000
94.550000
94.575000
94.600000
94.650000
94.675000
94.700000
94.750000
94.775000
94.800000
94.850000
94.875000
94.900000
94.950000
94.975000
95.000000
95.050000
95.075000
95.100000
95.150000
95.175000
95.200000
95.250000
95.275000
95.300000
95.350000
95.375000
95.400000
95.450000
95.475000
95.500000
95.550000
95.575000
95.600000
95.650000
95.675000
95.700000
95.750000
95.775000
95.800000
95.850000
95.875000
95.900000
95.950000
95.975000
96.000000
96.050000
96.075000
96.100000
96.150000
96.175000
96.200000
96.250000
96.275000
96.300000
96.350000
96.375000
96.400000
96.450000
96.475000
96.500000
96.550000
96.575000
96.600000
96.650000
96.675000
96.700000
96.750000
96.775000
96.800000
96.850000
96.875000
96.900000
96.950000
96.975000
97.000000
97.050000
97.075000
97.100000
97.150000
97.175000
97.200000
97.250000
97.275000
97.300000
97.350000
97.375000
97.400000
97.450000
97.475000
97.500000
97.550000
97.575000
97.600000
97.650000
97.675000
97.700000
97.750000
97.775000
97.800000
97.850000
97.875000
97.900000
97.950000
97.975000
98.000000
98.050000
98.075000
98.100000
98.150000
98.175000
98.200000
98.250000
98.275000
98.300000
98.350000
98.375000
98.400000
98.450000
98.475000
98.500000
98.550000
98.575000
98.600000
98.650000
98.675000
98.700000
98.750000
98.775000
98.800000
98.850000
98.875000
98.900000
98.950000
98.975000
99.000000
99.050000
99.075000
99.100000
99.150000
99.175000
99.200000
99.250000
99.275000
99.300000
99.350000
99.375000
99.400000
99.450000
99.475000
99.500000
99.550000
99.575000
99.600000
99.650000
99.675000
99.700000
99.750000
99.775000
99.800000
99.850000
99.875000
99.900000
99.950000
99.975000
100.000000
100.050000
100.075000
100.100000
100.150000
100.175000
100.200000
100.250000
100.275000
100.300000
100.350000
100.375000
100.400000
100.450000
100.475000
100.500000
100.550000
100.575000
100.600000
100.650000
100.675000
100.700000
100.750000
100.775000
100.800000
100.850000
100.875000
100.900000
100.950000
100.975000
101.000000
101.050000
101.075000
101.100000
101.150000
101.175000
101.200000
101.250000
101.275000
101.300000
101.350000
101.375000
101.400000
101.450000
101.475000
101.500000
101.550000
101.575000
101.600000
101.650000
101.675000
101.700000
101.750000
101.775000
101.800000
101.850000
101.875000
101.900000
101.950000
101.975000
102.000000
102.050000
102.075000
102.100000
102.150000
102.175000
102.200000
102.250000
102.275000
102.300000
102.350000
102.375000
102.400000
102.450000
102.475000
102.500000
102.550000
102.575000
102.600000
102.650000
102.675000
102.700000
102.750000
102.775000
102.800000
102.850000
102.875000
102.900000
102.950000
102.975000
103.000000
103.050000
103.075000
103.100000
103.150000
103.175000
103.200000
103.250000
103.275000
103.300000
103.350000
103.375000
103.400000
103.450000
103.475000
103.500000
103.550000
103.575000
103.600000
103.650000
103.675000
103.700000
103.750000
103.775000
103.800000
103.850000
103.875000
103.900000
103.950000
103.975000
104.000000
104.050000
104.075000
104.100000
104.150000
104.175000
104.200000
104.250000
104.275000
104.300000
104.350000
104.375000
104.400000
104.450000
104.475000
104.500000
104.550000
104.575000
104.600000
104.650000
104.675000
104.700000
104.750000
104.775000
104.800000
104.850000
104.875000
104.900000
104.950000
104.975000
105.000000
105.050000
105.075000
105.100000
105.150000
105.175000
105.200000
105.250000
105.275000
105.300000
105.350000
105.375000
105.400000
105.450000
105.475000
105.500000
105.550000
105.575000
105.600000
105.650000
105.675000
105.700000
105.750000
105.775000
105.800000
105.850000
105.875000
105.900000
105.950000
105.975000
106.000000
106.050000
106.075000
106.100000
106.150000
106.175000
106.200000
106.250000
106.275000
106.300000
106.350000
106.375000
106.400000
106.450000
106.475000
106.500000
106.550000
106.575000
106.600000
106.650000
106.675000
106.700000
106.750000
106.775000
106.800000
106.850000
106.875000
106.900000
106.950000
106.975000
107.000000
107.050000
107.075000
107.100000
107.150000
107.175000
107.200000
107.250000
107.275000
107.300000
107.350000
107.375000
107.400000
107.450000
107.475000
107.500000
107.550000
107.575000
107.600000
107.650000
107.675000
107.700000
107.750000
107.775000
107.800000
107.750000
107.725000
107.700000
107.650000
107.625000
107.600000
107.550000
107.525000
107.500000
107.450000
107.425000
107.400000
107.350000
107.325000
107.300000
107.250000
107.225000
107.200000
107.150000
107.125000
107.100000
107.050000
107.025000
107.000000
106.950000
106.925000
106.900000
106.850000
106.825000
106.800000
106.750000
106.725000
106.700000
106.650000
106.625000
106.600000
106.550000
106.525000
106.500000
106.450000
106.425000
106.400000
106.350000
106.325000
106.300000
106.250000
106.225000
106.200000
106.150000
106.125000
106.100000
106.050000
106.025000
106.000000
105.950000
105.925000
105.900000
105.850000
105.825000
105.800000
105.750000
105.725000
105.700000
105.650000
105.625000
105.600000
105.550000
105.525000
105.500000
105.450000
105.425000
105.400000
105.350000
105.325000
105.300000
105.250000
105.225000
105.200000
105.150000
105.125000
105.100000
105.050000
105.025000
105.000000
104.950000
104.925000
104.900000
104.850000
104.825000
104.800000
104.750000
104.725000
104.700000
104.650000
104.625000
104.600000
104.550000
104.525000
104.500000
104.450000
104.425000
104.400000
104.350000
104.325000
104.300000
104.250000
104.225000
104.200000
104.150000
104.125000
104.100000
104.050000
104.025000
104.000000
103.950000
103.925000
103.900000
103.850000
103.825000
103.800000
103.750000
103.725000
103.700000
103.650000
103.625000
103.600000
103.550000
103.525000
103.500000
103.450000
103.425000
103.400000
103.350000
103.325000
103.300000
103.250000
103.225000
103.200000
103.150000
103.125000
103.100000
103.050000
103.025000
103.000000
102.950000
102.925000
102.900000
102.850000
102.825000
102.800000
102.750000
102.725000
102.700000
102.650000
102.625000
102.600000
102.550000
102.525000
102.500000
102.450000
102.425000
102.400000
102.350000
102.325000
102.300000
102.250000
102.225000
102.200000
102.150000
102.125000
102.100000
102.050000
102.025000
102.000000
101.950000
101.925000
101.900000
101.850000
101.825000
101.800000
101.750000
101.725000
101.700000
101.650000
101.625000
101.600000
101.550000
101.525000
101.500000
101.450000
101.425000
101.400000
101.350000
101.325000
101.300000
101.250000
101.225000
101.200000
101.150000
101.125000
101.100000
101.050000
101.025000
101.000000
100.950000
100.925000
100.900000
100.850000
100.825000
100.800000
100.750000
100.725000
100.700000
100.650000
100.625000
100.600000
100.550000
100.525000
100.500000
100.450000
100.425000
100.400000
100.350000
100.325000
100.300000
100.250000
100.225000
100.200000
100.150000
100.125000
100.100000
100.050000
100.025000
100.000000
99.950000
99.925000
99.900000
99.850000
99.825000
99.800000
99.750000
99.725000
99.700000
99.650000
99.625000
99.600000
99.550000
99.525000
99.500000
99.450000
99.425000
99.400000
99.350000
99.325000
99.300000
99.250000
99.225000
99.200000
99.150000
99.125000
99.100000
99.050000
99.025000
99.000000
98.950000
98.925000
98.900000
98.850000
98.825000
98.800000
98.750000
98.725000
98.700000
98.650000
98.625000
98.600000
98.550000
98.525000
98.500000
98.450000
98.425000
98.400000
98.350000
98.325000
98.300000
98.250000
98.225000
98.200000
98.150000
98.125000
98.100000
98.050000
98.025000
98.000000
97.950000
97.925000
97.900000
97.850000
97.825000
97.800000
97.750000
97.725000
97.700000
97.650000
97.625000
97.600000
97.550000
97.525000
97.500000
97.450000
97.425000
97.400000
97.350000
97.325000
97.300000
97.250000
97.225000
97.200000
97.150000
97.125000
97.100000
97.050000
97.025000
97.000000
96.950000
96.925000
96.900000
96.850000
96.825000
96.800000
96.750000
96.725000
96.700000
96.650000
96.625000
96.600000
96.550000
96.525000
96.500000
96.450000
96.425000
96.400000
96.350000
96.325000
96.300000
96.250000
96.225000
96.200000
96.150000
96.125000
96.100000
96.050000
96.025000
96.000000
95.950000
95.925000
95.900000
95.850000
95.825000
95.800000
95.750000
95.725000
95.700000
95.650000
95.625000
95.600000
95.550000
95.525000
95.500000
95.450000
95.425000
95.400000
95.350000
95.325000
95.300000
95.250000
95.225000
95.200000
95.150000
95.125000
95.100000
95.050000
95.025000
95.000000
94.950000
94.925000
94.900000
94.850000
94.825000
94.800000
94.750000
94.725000
94.700000
94.650000
94.625000
94.600000
94.550000
94.525000
94.500000
94.450000
94.425000
94.400000
94.350000
94.325000
94.300000
94.250000
94.225000
94.200000
94.150000
94.125000
94.100000
94.050000
94.025000
94.000000
93.950000
93.925000
93.900000
93.850000
93.825000
93.800000
93.750000
93.725000
93.700000
93.650000
93.625000
93.600000
93.550000
93.525000
93.500000
93.450000
93.425000
93.400000
93.350000
93.325000
93.300000
93.250000
93.225000
93.200000
93.150000
93.125000
93.100000
93.050000
93.025000
93.000000
92.950000
92.925000
92.900000
92.850000
92.825000
92.800000
92.750000
92.725000
92.700000
92.650000
92.625000
92.600000
92.550000
92.525000
92.500000
92.450000
92.425000
92.400000
92.350000
92.325000
92.300000
92.250000
92.225000
92.200000
92.150000
92.125000
92.100000
92.050000
92.025000
92.000000
91.950000
91.925000
91.900000
91.850000
91.825000
91.800000
91.750000
91.725000
91.700000
91.650000
91.625000
91.600000
91.550000
91.525000
91.500000
91.450000
91.425000
91.400000
91.350000
91.325000
91.300000
91.250000
91.225000
91.200000
91.150000
91.125000
91.100000
91.050000
91.025000
91.000000
90.950000
90.925000
90.900000
90.850000
90.825000
90.800000
90.750000
90.725000
90.700000
90.650000
90.625000
90.600000
90.550000
90.525000
90.500000
90.450000
90.425000
90.400000
90.350000
90.325000
90.300000
90.250000
90.225000
90.200000
90.150000
90.125000
90.100000
90.050000
90.025000
90.000000
89.950000
89.925000
89.900000
89.850000
89.825000
89.800000
89.750000
89.725000
89.700000
89.650000
89.625000
89.600000
89.550000
89.525000
89.500000
89.550000
89.575000
89.600000
89.650000
89.675000
89.700000
89.750000
89.775000
89.800000
89.850000
89.875000
89.900000
89.950000
89.975000
90.000000
90.050000
90.075000
90.100000
90.150000
90.175000
90.200000
90.250000
90.275000
90.300000
90.350000
90.375000
90.400000
90.450000
90.475000
90.500000
90.550000
90.575000
90.600000
90.650000
90.675000
90.700000
90.750000
90.775000
90.800000
90.850000
90.875000
90.900000
90.950000
90.975000
91.000000
91.050000
91.075000
91.100000
91.150000
91.175000
91.200000
91.250000
91.275000
91.300000
91.350000
91.375000
91.400000
91.450000
91.475000
91.500000
91.550000
91.575000
91.600000
91.650000
91.675000
91.700000
91.750000
91.775000
91.800000
91.850000
91.875000
91.900000
91.950000
91.975000
92.000000
92.050000
92.075000
92.100000
92.150000
92.175000
92.200000
92.250000
92.275000
92.300000
92.350000
92.375000
92.400000
92.450000
92.475000
92.500000
92.550000
92.575000
92.600000
92.650000
92.675000
92.700000
92.750000
92.775000
92.800000
92.850000
92.875000
92.900000
92.950000
92.975000
93.000000
93.050000
93.075000
93.100000
93.150000
93.175000
93.200000
93.250000
93.275000
93.300000
93.350000
93.375000
93.400000
93.450000
93.475000
93.500000
93.550000
93.575000
93.600000
93.650000
93.675000
93.700000
93.750000
93.775000
93.800000
93.850000
93.875000
93.900000
93.950000
93.975000
94.000000
94.050000
94.075000
94.100000
94.150000
94.175000
94.200000
94.250000
94.275000
94.300000
94.350000
94.375000
94.400000
94.450000
94.475000
94.500000
94.550000
94.575000
94.600000
94.650000
94.675000
94.700000
94.750000
94.775000
94.800000
94.850000
94.875000
94.900000
94.950000
94.975000
95.000000
95.050000
95.075000
95.100000
95.150000
95.175000
95.200000
95.250000
95.275000
95.300000
95.350000
95.375000
95.400000
95.450000
95.475000
95.500000
95.550000
95.575000
95.600000
95.650000
95.675000
95.700000
95.750000
95.775000
95.800000
95.850000
95.875000
95.900000
95.950000
95.975000
96.000000
96.050000
96.075000
96.100000
96.150000
96.175000
96.200000
96.250000
96.275000
96.300000
96.350000
96.375000
96.400000
96.450000
96.475000
96.500000
96.550000
96.575000
96.600000
96.650000
96.675000
96.700000
96.750000
96.775000
96.800000
96.850000
96.875000
96.900000
96.950000
96.975000
97.000000
97.050000
97.075000
97.100000
97.150000
97.175000
97.200000
97.250000
97.275000
97.300000
97.350000
97.375000
97.400000
97.450000
97.475000
97.500000
97.550000
97.575000
97.600000
97.650000
97.675000
97.700000
97.750000
97.775000
97.800000
97.850000
97.875000
97.900000
97.950000
97.975000
98.000000
98.050000
98.075000
98.100000
98.150000
98.175000
98.200000
98.250000
98.275000
98.300000
98.350000
98.375000
98.400000
98.450000
98.475000
98.500000
98.550000
98.575000
98.600000
98.650000
98.675000
98.700000
98.750000
98.775000
98.800000
98.850000
98.875000
98.900000
98.950000
98.975000
99.000000
99.050000
99.075000
99.100000
99.150000
99.175000
99.200000
99.250000
99.275000
99.300000
99.350000
99.375000
99.400000
99.450000
99.475000
99.500000
99.550000
99.575000
99.600000
99.650000
99.675000
99.700000
99.750000
99.775000
99.800000
99.850000
99.875000
99.900000
99.950000
99.975000
100.000000
100.050000
100.075000
100.100000
100.150000
100.175000
100.200000
100.250000
100.275000
100.300000
100.350000
100.375000
100.400000
100.450000
100.475000
100.500000
100.550000
100.575000
100.600000
100.650000
100.675000
100.700000
100.750000
100.775000
100.800000
100.850000
100.875000
100.900000
100.950000
100.975000
101.000000
101.050000
101.075000
101.100000
101.150000
101.175000
101.200000
101.250000
101.275000
101.300000
101.350000
101.375000
101.400000
101.450000
101.475000
101.500000
101.550000
101.575000
101.600000
101.650000
101.675000
101.700000
101.750000
101.775000
101.800000
101.850000
101.875000
101.900000
101.950000
101.975000
102.000000
102.050000
102.075000
102.100000
102.150000
102.175000
102.200000
102.250000
102.275000
102.300000
102.350000
102.375000
102.400000
102.450000
102.475000
102.500000
102.550000
102.575000
102.600000
102.650000
102.675000
102.700000
102.750000
102.775000
102.800000
102.850000
102.875000
102.900000
102.950000
102.975000
103.000000
103.050000
103.075000
103.100000
103.150000
103.175000
103.200000
103.250000
103.275000
103.300000
103.350000
103.375000
103.400000
103.450000
103.475000
103.500000
103.550000
103.575000
103.600000
103.650000
103.675000
103.700000
103.750000
103.775000
103.800000
103.850000
103.875000
103.900000
103.950000
103.975000
104.000000
104.050000
104.075000
104.100000
104.150000
104.175000
104.200000
104.250000
104.275000
104.300000
104.350000
104.375000
104.400000
104.450000
104.475000
104.500000
104.550000
104.575000
104.600000
104.650000
104.675000
104.700000
104.750000
104.775000
104.800000
104.850000
104.875000
104.900000
104.950000
104.975000
105.000000
105.050000
105.075000
105.100000
105.150000
105.175000
105.200000
105.250000
105.275000
105.300000
105.350000
105.375000
105.400000
105.450000
105.475000
105.500000
105.550000
105.575000
105.600000
105.550000
105.525000
105.500000
105.450000
105.425000
105.400000
105.350000
105.325000
105.300000
105.250000
105.225000
105.200000
105.150000
105.125000
105.100000
105.050000
105.025000
105.000000
104.950000
104.925000
104.900000
104.850000
104.825000
104.800000
104.750000
104.725000
104.700000
104.650000
104.625000
104.600000
104.550000
104.525000
104.500000
104.450000
104.425000
104.400000
104.350000
104.325000
104.300000
104.250000
104.225000
104.200000
104.150000
104.125000
104.100000
104.050000
104.025000
104.000000
103.950000
103.925000
103.900000
103.850000
103.825000
103.800000
103.750000
103.725000
103.700000
103.650000
103.625000
103.600000
103.550000
103.525000
103.500000
103.450000
103.425000
103.400000
103.350000
103.325000
103.300000
103.250000
103.225000
103.200000
103.150000
103.125000
103.100000
103.050000
103.025000
103.000000
102.950000
102.925000
102.900000
102.850000
102.825000
102.800000
102.750000
102.725000
102.700000
102.650000
102.625000
102.600000
102.550000
102.525000
102.500000
102.450000
102.425000
102.400000
102.350000
102.325000
102.300000
102.250000
102.225000
102.200000
102.150000
102.125000
102.100000
102.050000
102.025000
102.000000
101.950000
101.925000
101.900000
101.850000
101.825000
101.800000
101.750000
101.725000
101.700000
101.650000
101.625000
101.600000
101.550000
101.525000
101.500000
101.450000
101.425000
101.400000
101.350000
101.325000
101.300000
101.250000
101.225000
101.200000
101.150000
101.125000
101.100000
101.050000
101.025000
101.000000
100.950000
100.925000
100.900000
100.850000
100.825000
100.800000
100.750000
100.725000
100.700000
100.650000
100.625000
100.600000
100.550000
100.525000
100.500000
100.450000
100.425000
100.400000
100.350000
100.325000
100.300000
100.250000
100.225000
100.200000
100.150000
100.125000
100.100000
100.050000
100.025000
100.000000
99.950000
99.925000
99.900000
99.850000
99.825000
99.800000
99.750000
99.725000
99.700000
99.650000
99.625000
99.600000
99.550000
99.525000
99.500000
99.450000
99.425000
99.400000
99.350000
99.325000
99.300000
99.250000
99.225000
99.200000
99.150000
99.125000
99.100000
99.050000
99.025000
99.000000
98.950000
98.925000
98.900000
98.850000
98.825000
98.800000
98.750000
98.725000
98.700000
98.650000
98.625000
98.600000
98.550000
98.525000
98.500000
98.450000
98.425000
98.400000
98.350000
98.325000
98.300000
98.250000
98.225000
98.200000
98.150000
98.125000
98.100000
98.050000
98.025000
98.000000
97.950000
97.925000
97.900000
97.850000
97.825000
97.800000
97.750000
97.725000
97.700000
97.650000
97.625000
97.600000
97.550000
97.525000
97.500000
97.450000
97.425000
97.400000
97.350000
97.325000
97.300000
97.250000
97.225000
97.200000
97.150000
97.125000
97.100000
97.050000
97.025000
97.000000
96.950000
96.925000
96.900000
96.850000
96.825000
96.800000
96.750000
96.725000
96.700000
96.650000
96.625000
96.600000
96.550000
96.525000
96.500000
96.450000
96.425000
96.400000
96.350000
96.325000
96.300000
96.250000
96.225000
96.200000
96.150000
96.125000
96.100000
96.050000
96.025000
96.000000
95.950000
95.925000
95.900000
95.850000
95.825000
95.800000
95.750000
95.725000
95.700000
95.650000
95.625000
95.600000
95.550000
95.525000
95.500000
95.450000
95.425000
95.400000
95.350000
95.325000
95.300000
95.250000
95.225000
95.200000
95.150000
95.125000
95.100000
95.050000
95.025000
95.000000
94.950000
94.925000
94.900000
94.850000
94.825000
94.800000
94.750000
94.725000
94.700000
94.650000
94.625000
94.600000
94.550000
94.525000
94.500000
94.450000
94.425000
94.400000
94.350000
94.325000
94.300000
94.250000
94.225000
94.200000
94.150000
94.125000
94.100000
94.050000
94.025000
94.000000
93.950000
93.925000
93.900000
93.850000
93.825000
93.800000
93.750000
93.725000
93.700000
93.650000
93.625000
93.600000
93.550000
93.525000
93.500000
93.450000
93.425000
93.400000
93.350000
93.325000
93.300000
93.250000
93.225000
93.200000
93.150000
93.125000
93.100000
93.050000
93.025000
93.000000
92.950000
92.925000
92.900000
92.850000
92.825000
92.800000
92.750000
92.725000
92.700000
92.650000
92.625000
92.600000
92.550000
92.525000
92.500000
92.450000
92.425000
92.400000
92.350000
92.325000
92.300000
92.250000
92.225000
92.200000
92.150000
92.125000
92.100000
92.050000
92.025000
92.000000
91.950000
91.925000
91.900000
91.850000
91.825000
91.800000
91.750000
91.725000
91.700000
91.650000
91.625000
91.600000
91.550000
91.525000
91.500000
91.450000
91.425000
91.400000
91.350000
91.325000
91.300000
91.250000
91.225000
91.200000
91.150000
91.125000
91.100000
91.150000
91.175000
91.200000
91.250000
91.275000
91.300000
91.350000
91.375000
91.400000
91.450000
91.475000
91.500000
91.550000
91.575000
91.600000
91.650000
91.675000
91.700000
91.750000
91.775000
91.800000
91.850000
91.875000
91.900000
91.950000
91.975000
92.000000
92.050000
92.075000
92.100000
92.150000
92.175000
92.200000
92.250000
92.275000
92.300000
92.350000
92.375000
92.400000
92.450000
92.475000
92.500000
92.550000
92.575000
92.600000
92.650000
92.675000
92.700000
92.750000
92.775000
92.800000
92.850000
92.875000
92.900000
92.950000
92.975000
93.000000
93.050000
93.075000
93.100000
93.150000
93.175000
93.200000
93.250000
93.275000
93.300000
93.350000
93.375000
93.400000
93.450000
93.475000
93.500000
93.550000
93.575000
93.600000
93.650000
93.675000
93.700000
93.750000
93.775000
93.800000
93.850000
93.875000
93.900000
93.950000
93.975000
94.000000
94.050000
94.075000
94.100000
94.150000
94.175000
94.200000
94.250000
94.275000
94.300000
94.350000
94.375000
94.400000
94.450000
94.475000
94.500000
94.550000
94.575000
94.600000
94.650000
94.675000
94.700000
94.750000
94.775000
94.800000
94.850000
94.875000
94.900000
94.950000
94.975000
95.000000
95.050000
95.075000
95.100000
95.150000
95.175000
95.200000
95.250000
95.275000
95.300000
95.350000
95.375000
95.400000
95.450000
95.475000
95.500000
95.550000
95.575000
95.600000
95.650000
95.675000
95.700000
95.750000
95.775000
95.800000
95.850000
95.875000
95.900000
95.950000
95.975000
96.000000
96.050000
96.075000
96.100000
96.150000
96.175000
96.200000
96.250000
96.275000
96.300000
96.350000
96.375000
96.400000
96.450000
96.475000
96.500000
96.550000
96.575000
96.600000
96.650000
96.675000
96.700000
96.750000
96.775000
96.800000
96.850000
96.875000
96.900000
96.950000
96.975000
97.000000
97.050000
97.075000
97.100000
97.150000
97.175000
97.200000
97.250000
97.275000
97.300000
97.350000
97.375000
97.400000
97.450000
97.475000
97.500000
97.550000
97.575000
97.600000
97.650000
97.675000
97.700000
97.750000
97.775000
97.800000
97.850000
97.875000
97.900000
97.950000
97.975000
98.000000
98.050000
98.075000
98.100000
98.150000
98.175000
98.200000
98.250000
98.275000
98.300000
98.350000
98.375000
98.400000
98.450000
98.475000
98.500000
98.550000
98.575000
98.600000
98.650000
98.675000
98.700000
98.750000
98.775000
98.800000
98.850000
98.875000
98.900000
98.950000
98.975000
99.000000
99.050000
99.075000
99.100000
99.150000
99.175000
99.200000
99.250000
99.275000
99.300000
99.350000
99.375000
99.400000
99.450000
99.475000
99.500000
99.550000
99.575000
99.600000
99.650000
99.675000
99.700000
99.750000
99.775000
99.800000
99.850000
99.875000
99.900000
99.950000
99.975000
100.000000
100.050000
100.075000
100.100000
100.150000
100.175000
100.200000
100.250000
100.275000
100.300000
100.350000
100.375000
100.400000
100.450000
100.475000
100.500000
100.550000
100.575000
100.600000
100.650000
100.675000
100.700000
100.750000
100.775000
100.800000
100.850000
100.875000
100.900000
100.950000
100.975000
101.000000
101.050000
101.075000
101.100000
101.150000
101.175000
101.200000
101.250000
101.275000
101.300000
101.350000
101.375000
101.400000
101.450000
101.475000
101.500000
101.550000
101.575000
101.600000
101.650000
101.675000
101.700000
101.750000
101.775000
101.800000
101.850000
101.875000
101.900000
101.950000
101.975000
102.000000
102.050000
102.075000
102.100000
102.150000
102.175000
102.200000
102.250000
102.275000
102.300000
102.350000
102.375000
102.400000
102.450000
102.475000
102.500000
102.550000
102.575000
102.600000
102.650000
102.675000
102.700000
102.750000
102.775000
102.800000
102.850000
102.875000
102.900000
102.950000
102.975000
103.000000
103.050000
103.075000
103.100000
103.150000
103.175000
103.200000
103.250000
103.275000
103.300000
103.350000
103.375000
103.400000
103.450000
103.475000
103.500000
103.550000
103.575000
103.600000
103.650000
103.675000
103.700000
103.750000
103.775000
103.800000
103.850000
103.875000
103.900000
103.950000
103.975000
104.000000
104.050000
104.075000
104.100000
104.150000
104.175000
104.200000
104.250000
104.275000
104.300000
104.250000
104.225000
104.200000
104.150000
104.125000
104.100000
104.050000
104.025000
104.000000
103.950000
103.925000
103.900000
103.850000
103.825000
103.800000
103.750000
103.725000
103.700000
103.650000
103.625000
103.600000
103.550000
103.525000
103.500000
103.450000
103.425000
103.400000
103.350000
103.325000
103.300000
103.250000
103.225000
103.200000
103.150000
103.125000
103.100000
103.050000
103.025000
103.000000
102.950000
102.925000
102.900000
102.850000
102.825000
102.800000
102.750000
102.725000
102.700000
102.650000
102.625000
102.600000
102.550000
102.525000
102.500000
102.450000
102.425000
102.400000
102.350000
102.325000
102.300000
102.250000
102.225000
102.200000
102.150000
102.125000
102.100000
102.050000
102.025000
102.000000
101.950000
101.925000
101.900000
101.850000
101.825000
101.800000
101.750000
101.725000
101.700000
101.650000
101.625000
101.600000
101.550000
101.525000
101.500000
101.450000
101.425000
101.400000
101.350000
101.325000
101.300000
101.250000
101.225000
101.200000
101.150000
101.125000
101.100000
101.050000
101.025000
101.000000
100.950000
100.925000
100.900000
100.850000
100.825000
100.800000
100.750000
100.725000
100.700000
100.650000
100.625000
100.600000
100.550000
100.525000
100.500000
100.450000
100.425000
100.400000
100.350000
100.325000
100.300000
100.250000
100.225000
100.200000
100.150000
100.125000
100.100000
100.050000
100.025000
100.000000
99.950000
99.925000
99.900000
99.850000
99.825000
99.800000
99.750000
99.725000
99.700000
99.650000
99.625000
99.600000
99.550000
99.525000
99.500000
99.450000
99.425000
99.400000
99.350000
99.325000
99.300000
99.250000
99.225000
99.200000
99.150000
99.125000
99.100000
99.050000
99.025000
99.000000
98.950000
98.925000
98.900000
98.850000
98.825000
98.800000
98.750000
98.725000
98.700000
98.650000
98.625000
98.600000
98.550000
98.525000
98.500000
98.450000
98.425000
98.400000
98.350000
98.325000
98.300000
98.250000
98.225000
98.200000
98.150000
98.125000
98.100000
98.050000
98.025000
98.000000
97.950000
97.925000
97.900000
97.850000
97.825000
97.800000
97.750000
97.725000
97.700000
97.650000
97.625000
97.600000
97.550000
97.525000
97.500000
97.450000
97.425000
97.400000
97.350000
97.325000
97.300000
97.250000
97.225000
97.200000
97.150000
97.125000
97.100000
97.050000
97.025000
97.000000
96.950000
96.925000
96.900000
96.850000
96.825000
96.800000
96.750000
96.725000
96.700000
96.650000
96.625000
96.600000
96.550000
96.525000
96.500000
96.450000
96.425000
96.400000
96.350000
96.325000
96.300000
96.250000
96.225000
96.200000
96.150000
96.125000
96.100000
96.050000
96.025000
96.000000
95.950000
95.925000
95.900000
95.850000
95.825000
95.800000
95.750000
95.725000
95.700000
95.650000
95.625000
95.600000
95.550000
95.525000
95.500000
95.450000
95.425000
95.400000
95.350000
95.325000
95.300000
95.250000
95.225000
95.200000
95.150000
95.125000
95.100000
95.050000
95.025000
95.000000
94.950000
94.925000
94.900000
94.850000
94.825000
94.800000
94.750000
94.725000
94.700000
94.650000
94.625000
94.600000
94.550000
94.525000
94.500000
94.450000
94.425000
94.400000
94.350000
94.325000
94.300000
94.250000
94.225000
94.200000
94.150000
94.125000
94.100000
94.050000
94.025000
94.000000
93.950000
93.925000
93.900000
93.850000
93.825000
93.800000
93.750000
93.725000
93.700000
93.650000
93.625000
93.600000
93.550000
93.525000
93.500000
93.450000
93.425000
93.400000
93.350000
93.325000
93.300000
93.250000
93.225000
93.200000
93.150000
93.125000
93.100000
93.050000
93.025000
93.000000
92.950000
92.925000
92.900000
92.850000
92.825000
92.800000
92.750000
92.725000
92.700000
92.650000
92.625000
92.600000
92.550000
92.525000
92.500000
92.450000
92.425000
92.400000
92.350000
92.325000
92.300000
92.250000
92.225000
92.200000
92.250000
92.275000
92.300000
92.350000
92.375000
92.400000
92.450000
92.475000
92.500000
92.550000
92.575000
92.600000
92.650000
92.675000
92.700000
92.750000
92.775000
92.800000
92.850000
92.875000
92.900000
92.950000
92.975000
93.000000
93.050000
93.075000
93.100000
93.150000
93.175000
93.200000
93.250000
93.275000
93.300000
93.350000
93.375000
93.400000
93.450000
93.475000
93.500000
93.550000
93.575000
93.600000
93.650000
93.675000
93.700000
93.750000
93.775000
93.800000
93.850000
93.875000
93.900000
93.950000
93.975000
94.000000
94.050000
94.075000
94.100000
94.150000
94.175000
94.200000
94.250000
94.275000
94.300000
94.350000
94.375000
94.400000
94.450000
94.475000
94.500000
94.550000
94.575000
94.600000
94.650000
94.675000
94.700000
94.750000
94.775000
94.800000
94.850000
94.875000
94.900000
94.950000
94.975000
95.000000
95.050000
95.075000
95.100000
95.150000
95.175000
95.200000
95.250000
95.275000
95.300000
95.350000
95.375000
95.400000
95.450000
95.475000
95.500000
95.550000
95.575000
95.600000
95.650000
95.675000
95.700000
95.750000
95.775000
95.800000
95.850000
95.875000
95.900000
95.950000
95.975000
96.000000
96.050000
96.075000
96.100000
96.150000
96.175000
96.200000
96.250000
96.275000
96.300000
96.350000
96.375000
96.400000
96.450000
96.475000
96.500000
96.550000
96.575000
96.600000
96.650000
96.675000
96.700000
96.750000
96.775000
96.800000
96.850000
96.875000
96.900000
96.950000
96.975000
97.000000
97.050000
97.075000
97.100000
97.150000
97.175000
97.200000
97.250000
97.275000
97.300000
97.350000
97.375000
97.400000
97.450000
97.475000
97.500000
97.550000
97.575000
97.600000
97.650000
97.675000
97.700000
97.750000
97.775000
97.800000
97.850000
97.875000
97.900000
97.950000
97.975000
98.000000
98.050000
98.075000
98.100000
98.150000
98.175000
98.200000
98.250000
98.275000
98.300000
98.350000
98.375000
98.400000
98.450000
98.475000
98.500000
98.550000
98.575000
98.600000
98.650000
98.675000
98.700000
98.750000
98.775000
98.800000
98.850000
98.875000
98.900000
98.950000
98.975000
99.000000
99.050000
99.075000
99.100000
99.150000
99.175000
99.200000
99.250000
99.275000
99.300000
99.350000
99.375000
99.400000
99.450000
99.475000
99.500000
99.550000
99.575000
99.600000
99.650000
99.675000
99.700000
99.750000
99.775000
99.800000
99.850000
99.875000
99.900000
99.950000
99.975000
100.000000
100.050000
100.075000
100.100000
100.150000
100.175000
100.200000
100.250000
100.275000
100.300000
100.350000
100.375000
100.400000
100.450000
100.475000
100.500000
100.550000
100.575000
100.600000
100.650000
100.675000
100.700000
100.750000
100.775000
100.800000
100.850000
100.875000
100.900000
100.950000
100.975000
101.000000
101.050000
101.075000
101.100000
101.150000
101.175000
101.200000
101.250000
101.275000
101.300000
101.350000
101.375000
101.400000
101.450000
101.475000
101.500000
101.550000
101.575000
101.600000
101.650000
101.675000
101.700000
101.750000
101.775000
101.800000
101.850000
101.875000
101.900000
101.950000
101.975000
102.000000
102.050000
102.075000
102.100000
102.150000
102.175000
102.200000
102.250000
102.275000
102.300000
102.350000
102.375000
102.400000
102.450000
102.475000
102.500000
102.550000
102.575000
102.600000
102.650000
102.675000
102.700000
102.750000
102.775000
102.800000
102.850000
102.875000
102.900000
102.950000
102.975000
103.000000
103.050000
103.075000
103.100000
103.150000
103.175000
103.200000
103.250000
103.275000
103.300000
103.350000
103.375000
103.400000
103.350000
103.325000
103.300000
103.250000
103.225000
103.200000
103.150000
103.125000
103.100000
103.050000
103.025000
103.000000
102.950000
102.925000
102.900000
102.850000
102.825000
102.800000
102.750000
102.725000
102.700000
102.650000
102.625000
102.600000
102.550000
102.525000
102.500000
102.450000
102.425000
102.400000
102.350000
102.325000
102.300000
102.250000
102.225000
102.200000
102.150000
102.125000
102.100000
102.050000
102.025000
102.000000
101.950000
101.925000
101.900000
101.850000
101.825000
101.800000
101.750000
101.725000
101.700000
101.650000
101.625000
101.600000
101.550000
101.525000
101.500000
101.450000
101.425000
101.400000
101.350000
101.325000
101.300000
101.250000
101.225000
101.200000
101.150000
101.125000
101.100000
101.050000
101.025000
101.000000
100.950000
100.925000
100.900000
100.850000
100.825000
100.800000
100.750000
100.725000
100.700000
100.650000
100.625000
100.600000
100.550000
100.525000
100.500000
100.450000
100.425000
100.400000
100.350000
100.325000
100.300000
100.250000
100.225000
100.200000
100.150000
100.125000
100.100000
100.050000
100.025000
100.000000
99.950000
99.925000
99.900000
99.850000
99.825000
99.800000
99.750000
99.725000
99.700000
99.650000
99.625000
99.600000
99.550000
99.525000
99.500000
99.450000
99.425000
99.400000
99.350000
99.325000
99.300000
99.250000
99.225000
99.200000
99.150000
99.125000
99.100000
99.050000
99.025000
99.000000
98.950000
98.925000
98.900000
98.850000
98.825000
98.800000
98.750000
98.725000
98.700000
98.650000
98.625000
98.600000
98.550000
98.525000
98.500000
98.450000
98.425000
98.400000
98.350000
98.325000
98.300000
98.250000
98.225000
98.200000
98.150000
98.125000
98.100000
98.050000
98.025000
98.000000
97.950000
97.925000
97.900000
97.850000
97.825000
97.800000
97.750000
97.725000
97.700000
97.650000
97.625000
97.600000
97.550000
97.525000
97.500000
97.450000
97.425000
97.400000
97.350000
97.325000
97.300000
97.250000
97.225000
97.200000
97.150000
97.125000
97.100000
97.050000
97.025000
97.000000
96.950000
96.925000
96.900000
96.850000
96.825000
96.800000
96.750000
96.725000
96.700000
96.650000
96.625000
96.600000
96.550000
96.525000
96.500000
96.450000
96.425000
96.400000
96.350000
96.325000
96.300000
96.250000
96.225000
96.200000
96.150000
96.125000
96.100000
96.050000
96.025000
96.000000
95.950000
95.925000
95.900000
95.850000
95.825000
95.800000
95.750000
95.725000
95.700000
95.650000
95.625000
95.600000
95.550000
95.525000
95.500000
95.450000
95.425000
95.400000
95.350000
95.325000
95.300000
95.250000
95.225000
95.200000
95.150000
95.125000
95.100000
95.050000
95.025000
95.000000
94.950000
94.925000
94.900000
94.850000
94.825000
94.800000
94.750000
94.725000
94.700000
94.650000
94.625000
94.600000
94.550000
94.525000
94.500000
94.450000
94.425000
94.400000
94.350000
94.325000
94.300000
94.250000
94.225000
94.200000
94.150000
94.125000
94.100000
94.050000
94.025000
94.000000
93.950000
93.925000
93.900000
93.850000
93.825000
93.800000
93.750000
93.725000
93.700000
93.650000
93.625000
93.600000
93.550000
93.525000
93.500000
93.450000
93.425000
93.400000
93.350000
93.325000
93.300000
93.250000
93.225000
93.200000
93.150000
93.125000
93.100000
93.050000
93.025000
93.000000
92.950000
92.925000
92.900000
92.950000
92.975000
93.000000
93.050000
93.075000
93.100000
93.150000
93.175000
93.200000
93.250000
93.275000
93.300000
93.350000
93.375000
93.400000
93.450000
93.475000
93.500000
93.550000
93.575000
93.600000
93.650000
93.675000
93.700000
93.750000
93.775000
93.800000
93.850000
93.875000
93.900000
93.950000
93.975000
94.000000
94.050000
94.075000
94.100000
94.150000
94.175000
94.200000
94.250000
94.275000
94.300000
94.350000
94.375000
94.400000
94.450000
94.475000
94.500000
94.550000
94.575000
94.600000
94.650000
94.675000
94.700000
94.750000
94.775000
94.800000
94.850000
94.875000
94.900000
94.950000
94.975000
95.000000
95.050000
95.075000
95.100000
95.150000
95.175000
95.200000
95.250000
95.275000
95.300000
95.350000
95.375000
95.400000
95.450000
95.475000
95.500000
95.550000
95.575000
95.600000
95.650000
95.675000
95.700000
95.750000
95.775000
95.800000
95.850000
95.875000
95.900000
95.950000
95.975000
96.000000
96.050000
96.075000
96.100000
96.150000
96.175000
96.200000
96.250000
96.275000
96.300000
96.350000
96.375000
96.400000
96.450000
96.475000
96.500000
96.550000
96.575000
96.600000
96.650000
96.675000
96.700000
96.750000
96.775000
96.800000
96.850000
96.875000
96.900000
96.950000
96.975000
97.000000
97.050000
97.075000
97.100000
97.150000
97.175000
97.200000
97.250000
97.275000
97.300000
97.350000
97.375000
97.400000
97.450000
97.475000
97.500000
97.550000
97.575000
97.600000
97.650000
97.675000
97.700000
97.750000
97.775000
97.800000
97.850000
97.875000
97.900000
97.950000
97.975000
98.000000
98.050000
98.075000
98.100000
98.150000
98.175000
98.200000
98.250000
98.275000
98.300000
98.350000
98.375000
98.400000
98.450000
98.475000
98.500000
98.550000
98.575000
98.600000
98.650000
98.675000
98.700000
98.750000
98.775000
98.800000
98.850000
98.875000
98.900000
98.950000
98.975000
99.000000
99.050000
99.075000
99.100000
99.150000
99.175000
99.200000
99.250000
99.275000
99.300000
99.350000
99.375000
99.400000
99.450000
99.475000
99.500000
99.550000
99.575000
99.600000
99.650000
99.675000
99.700000
99.750000
99.775000
99.800000
99.850000
99.875000
99.900000
99.950000
99.975000
100.000000
100.050000
100.075000
100.100000
100.150000
100.175000
100.200000
100.250000
100.275000
100.300000
100.350000
100.375000
100.400000
100.450000
100.475000
100.500000
100.550000
100.575000
100.600000
100.650000
100.675000
100.700000
100.750000
100.775000
100.800000
100.850000
100.875000
100.900000
100.950000
100.975000
101.000000
101.050000
101.075000
101.100000
101.150000
101.175000
101.200000
101.250000
101.275000
101.300000
101.350000
101.375000
101.400000
101.450000
101.475000
101.500000
101.550000
101.575000
101.600000
101.650000
101.675000
101.700000
101.750000
101.775000
101.800000
101.850000
101.875000
101.900000
101.950000
101.975000
102.000000
102.050000
102.075000
102.100000
102.150000
102.175000
102.200000
102.250000
102.275000
102.300000
102.350000
102.375000
102.400000
102.450000
102.475000
102.500000
102.550000
102.575000
102.600000
102.650000
102.675000
102.700000
102.750000
102.775000
102.800000
102.750000
102.725000
102.700000
102.650000
102.625000
102.600000
102.550000
102.525000
102.500000
102.450000
102.425000
102.400000
102.350000
102.325000
102.300000
102.250000
102.225000
102.200000
102.150000
102.125000
102.100000
102.050000
102.025000
102.000000
101.950000
101.925000
101.900000
101.850000
101.825000
101.800000
101.750000
101.725000
101.700000
101.650000
101.625000
101.600000
101.550000
101.525000
101.500000
101.450000
101.425000
101.400000
101.350000
101.325000
101.300000
101.250000
101.225000
101.200000
101.150000
101.125000
101.100000
101.050000
101.025000
101.000000
100.950000
100.925000
100.900000
100.850000
100.825000
100.800000
100.750000
100.725000
100.700000
100.650000
100.625000
100.600000
100.550000
100.525000
100.500000
100.450000
100.425000
100.400000
100.350000
100.325000
100.300000
100.250000
100.225000
100.200000
100.150000
100.125000
100.100000
100.050000
100.025000
100.000000
99.950000
99.925000
99.900000
99.850000
99.825000
99.800000
99.750000
99.725000
99.700000
99.650000
99.625000
99.600000
99.550000
99.525000
99.500000
99.450000
99.425000
99.400000
99.350000
99.325000
99.300000
99.250000
99.225000
99.200000
99.150000
99.125000
99.100000
99.050000
99.025000
99.000000
98.950000
98.925000
98.900000
98.850000
98.825000
98.800000
98.750000
98.725000
98.700000
98.650000
98.625000
98.600000
98.550000
98.525000
98.500000
98.450000
98.425000
98.400000
98.350000
98.325000
98.300000
98.250000
98.225000
98.200000
98.150000
98.125000
98.100000
98.050000
98.025000
98.000000
97.950000
97.925000
97.900000
97.850000
97.825000
97.800000
97.750000
97.725000
97.700000
97.650000
97.625000
97.600000
97.550000
97.525000
97.500000
97.450000
97.425000
97.400000
97.350000
97.325000
97.300000
97.250000
97.225000
97.200000
97.150000
97.125000
97.100000
97.050000
97.025000
97.000000
96.950000
96.925000
96.900000
96.850000
96.825000
96.800000
96.750000
96.725000
96.700000
96.650000
96.625000
96.600000
96.550000
96.525000
96.500000
96.450000
96.425000
96.400000
96.350000
96.325000
96.300000
96.250000
96.225000
96.200000
96.150000
96.125000
96.100000
96.050000
96.025000
96.000000
95.950000
95.925000
95.900000
95.850000
95.825000
95.800000
95.750000
95.725000
95.700000
95.650000
95.625000
95.600000
95.550000
95.525000
95.500000
95.450000
95.425000
95.400000
95.350000
95.325000
95.300000
95.250000
95.225000
95.200000
95.150000
95.125000
95.100000
95.050000
95.025000
95.000000
94.950000
94.925000
94.900000
94.850000
94.825000
94.800000
94.750000
94.725000
94.700000
94.650000
94.625000
94.600000
94.550000
94.525000
94.500000
94.450000
94.425000
94.400000
94.350000
94.325000
94.300000
94.250000
94.225000
94.200000
94.150000
94.125000
94.100000
94.050000
94.025000
94.000000
93.950000
93.925000
93.900000
93.850000
93.825000
93.800000
93.750000
93.725000
93.700000
93.650000
93.625000
93.600000
93.550000
93.525000
93.500000
93.550000
93.575000
93.600000
93.650000
93.675000
93.700000
93.750000
93.775000
93.800000
93.850000
93.875000
93.900000
93.950000
93.975000
94.000000
94.050000
94.075000
94.100000
94.150000
94.175000
94.200000
94.250000
94.275000
94.300000
94.350000
94.375000
94.400000
94.450000
94.475000
94.500000
94.550000
94.575000
94.600000
94.650000
94.675000
94.700000
94.750000
94.775000
94.800000
94.850000
94.875000
94.900000
94.950000
94.975000
